station_id,name,lat,lon,capacity,stationCode,nbMecha,nbElec,nbdocklibre,last_reported
213688169,Benjamin Godard - Victor Hugo,48.865983,2.275725,35,16107,3,4,28,1659476230
653222953,Mairie de Rosny-sous-Bois,48.871256519012,2.4865807592869,30,31104,7,14,6,1659476752
516709288,Charonne - Robert et Sonia Delauney,48.85590755596891,2.3925706744194035,20,11104,4,6,5,1659476397
36255,Toudouze - Clauzel,48.87929591733507,2.3373600840568547,21,9020,3,1,17,1659476782
37815204,Mairie du 12ème,48.840855311763,2.3875549435616,30,12109,17,3,10,1659476757
100769544,Harpe - Saint-Germain,48.85151881501689,2.343670316040516,45,5001,26,1,17,1659476768
85002689,Jourdan - Stade Charléty,48.819428333369,2.3433353751898,60,14014,13,6,39,1659476770
123095125,Alibert - Jemmapes,48.8710440519842,2.366104461987773,60,10013,5,1,53,1659476739
120827885,Messine - Place Du Pérou,48.875448033960744,2.315508019010038,12,8026,0,0,12,1659476220
251039991,Cassini - Denfert-Rochereau,48.837525839067,2.3360354080796,25,14111,1,2,22,1659476317
37874517,Saint-Sulpice,48.85165383178419,2.3308077827095985,21,6003,1,1,18,1659476637
66491398,Le Brun - Gobelins,48.835092787823875,2.353468135133752,48,13007,17,4,25,1659476730
210403080,Lacépède - Monge,48.84389286531899,2.3519663885235786,23,5110,3,1,18,1659476646
210561800,Saint-Romain - Cherche-Midi,48.84708159081946,2.321374788880348,17,6108,3,2,12,1659476780
209063434,André Karman - République,48.91039875761846,2.3851355910301213,31,33006,5,11,13,1659476688
94555589,Pierre et Marie Curie - Maurice Thorez,48.81580226360801,2.376804985105991,27,42016,4,10,13,1659476584
244498842,Bois de Vincennes - Gare,48.836022242886884,2.4708339950830287,50,41301,9,7,30,1659476602
210405211,Beaux-Arts - Bonaparte,48.856451985395786,2.334851883351803,20,6021,3,1,15,1659476460
43195240,Silly - Galliéni,48.835583838706,2.2325500845909,25,21010,11,1,13,1659476674
501862076,Place Nelson Mandela ,48.862090937689715,2.196576297283173,22,25006,0,4,17,1659476651
54000559,Jouffroy d'Abbans - Wagram,48.881973298351625,2.301132157444954,40,17026,9,8,22,1659476550
207633746,Grande Armée - Brunel,48.876116,2.288124,62,17038,1,3,44,1659476321
85043758,Guersant - Gouvion-Saint-Cyr,48.88287775178599,2.287667370814871,36,17041,6,6,22,1659476613
210566542,Square Boucicaut,48.851296433665276,2.325061820447445,60,7003,2,4,54,1659476777
437597018,Invalides - Duroc,48.8477924732952,2.3161920905113225,29,7001,8,2,19,1659476718
210565680,Vaneau - Sèvres,48.84856323305935,2.3204218259345537,35,7002,10,4,21,1659476543
210397939,Thouin - Cardinal Lemoine,48.84504716661511,2.3494647851273465,17,5016,2,1,13,1659476763
82405965,Froment - Bréguet,48.8570414504784,2.37289470306807,43,11025,19,4,16,1659476766
213682736,Morillons - Dantzig,48.83310149953933,2.299380004405976,52,15047,16,13,22,1659476679
54000581,Croulebarde - Corvisart,48.830981659316855,2.3481646925210953,34,13101,4,4,24,1659476706
13105968,Le Brix et Mesmin - Jourdan,48.82234096593411,2.327861653302471,21,14108,0,2,19,1659476697
653208733,Romainville - Vaillant-Couturier,48.86785,2.446748,38,31024,2,8,28,1659476737
27415224,Bir Hakeim,48.853844054333514,2.289705348222022,33,15026,15,7,9,1659476782
907054879,Liberté - Vert-de-Maisons,48.79014780960843,2.43286281824112,20,47007,14,5,1,1659476506
129094535,Porte de Saint-Ouen - Bessières,48.89792240854517,2.32851451022192,42,17044,15,2,25,1659476777
54000612,Cambrai - Benjamin Constant,48.89594736851349,2.381133802246315,43,19033,1,1,39,1659476742
80101533,Chazelles - Courcelles ,48.879406604954,2.3034455627202988,35,17025,2,2,28,1659476555
128986726,Boétie - Ponthieu,48.871417284354834,2.307678759098053,33,8050,2,0,31,1659476682
599135701,Ramponeau - Belleville,48.871031137596,2.379056852114,44,20143,11,6,26,1659476719
102747146,Lagny - Victor Basch,48.84884147189881,2.426325418925233,26,43002,6,6,13,1659476581
2515403527,Saint-Cloud - Hippodrome,48.85772148887421,2.2549109905958176,30,16138,1,2,26,1659476702
653132534,Louis Lejeune - Barbès,48.81807418981508,2.3267009854316716,25,21216,2,7,16,1659476775
506455295,Général Martial Valin - Pont du Garigliano,48.83823094269141,2.270506024360657,16,15068,1,0,14,1659476635
1057149522,Rond-point du Dr Albert Schweitzer,48.78980918988166,2.3143940046429634,22,22207,13,8,0,1659476659
210567545,Raspail - Varenne,48.85314781654488,2.3263905197381973,18,7004,1,4,13,1659476616
2515085147,Italie - Tolbiac,48.82557229464416,2.3576171323657036,21,13030,0,1,19,1659476601
653197324,Théâtre des Amandiers - Palais des sports,48.89264852683893,2.2136941552162175,24,92002,0,2,21,1659476405
210408693,Vaugirard - Monsieur le Prince,48.848951441614176,2.3411329463124275,26,6029,10,1,15,1659476720
42950839,Serrurier,48.8804934032465,2.39806417375803,18,19027,1,1,15,1659476663
14813797734,Raspail Barbès,48.8529945,2.4247387,28,31028,2,4,22,1659476556
88230992,De Toqueville - Terrasse,48.882428,2.314002,30,17048,1,0,29,1659476646
499303158,Jules Guesde - Pont du Port à l'Anglais,48.79628807093802,2.417212128639221,30,44017,11,10,8,1659476516
27415302,Michel-Ange - Parent de Rosan,48.840579923690115,2.2584119439125065,26,16118,2,7,16,1659476495
27414512,Caire - Dussoubs,48.86785342111862,2.349364310503006,40,2017,6,1,33,1659476727
210580039,Tour d'Auvergne - Rodier,48.879161,2.343698,17,9008,1,12,4,1659476723
49474389,Artois - Berri,48.87393521240818,2.3064258322119713,23,8103,0,0,23,1659476224
128940135,Marceau - Chaillot,48.86883394989261,2.2989967837929726,21,8048,1,0,18,1659476772
35149611,Liard - Amiral Mouchez,48.8214169,2.342167,14,14013,7,4,3,1659476722
1057296253,Regnault - Patay,48.82435782216384,2.377065159380436,63,13118,53,5,3,1659476749
210570888,Las Cases - Bourgogne,48.85909110474066,2.3185685276985173,22,7011,0,0,22,1659476664
129107656,Félix Ziem - Armand Gauthier,48.88949630486821,2.333393658804396,25,18111,3,4,17,1659476569
394404659,Gare Saint-Lazare - Cour du Havre,48.87567440085132,2.3265598341822624,45,8002,10,1,31,1659476566
1057228658,Youri Gagarine - Karl Marx,48.78448485079149,2.35908430069685,22,48003,1,5,16,1659476750
230873471,Octave Feuillet - Albéric Magnard,48.86106902949534,2.2730283066630363,21,16110,1,2,18,1659476605
507934805,Ney - Porte de Clignancourt ,48.8978867,2.3458001,25,18134,0,11,14,1659476762
205047993,Edgar Quinet - Raspail,48.83940266673835,2.32971478253603,46,14002,0,0,46,1659476509
39799329,Faubourg Montmartre - La Fayette,48.87525454905335,2.340853661298752,35,9014,3,0,31,1659476720
129164969,Place Jean-Spire-Lemaître,48.8468428626593,2.452062070369721,50,43009,19,6,25,1659476778
128989986,Place Georges Guillaumin,48.874750203956566,2.301771435325988,29,8053,0,1,28,1659476730
129004826,Bellefond - Poissonnière,48.87759897050706,2.348463758826256,17,9001,6,2,9,1659476733
518825709,Jean Oestreicher - Porte de Champerret,48.88655580065981,2.288640439510346,21,17032,1,1,18,1659476629
128930462,Square Louis XVI,48.87320440102894,2.323658830743138,29,8016,1,1,27,1659476695
911767210,Alexandre Parodi - Quai de Valmy,48.87935941942529,2.366596162319184,24,10162,2,5,16,1659476693
54000565,Granges aux Belles,48.8761373390584,2.3680844979417,27,10115,3,2,21,1659476577
210586093,Dunkerque - Rocroy,48.880726,2.351464,24,10029,0,2,20,1659476344
7254,Gay Lussac - Saint-Jacques,48.844730256132095,2.341923944866407,24,5005,4,1,19,1659476461
369644630,Gare de l'Est - Faubourg-Saint-Martin,48.875642647477,2.3594588041306,32,10161,7,1,21,1659476648
214114469,Gare de Nogent-le-Perreux,48.83842553348809,2.493693307042122,32,41303,20,11,0,1659476764
128887067,Ségur - d'Estrées,48.85141997898257,2.3097044974565506,19,7018,9,2,7,1659476505
55927887,Gabriel Lamé,48.8351212784276,2.385534569621086,36,12031,28,3,4,1659476746
210574471,Abbeville - Faubourg Poissonnière,48.879223,2.349147,14,9002,2,2,9,1659476603
72765603,Boulangers - Cardinal Lemoine,48.8462904,2.3521495,20,5022,1,2,16,1659476642
210582921,Boudreau - Auber,48.87219,2.329423,14,9106,2,1,10,1659476298
43255030,Pereire - Ternes,48.87973954830735,2.288012132048607,48,17040,1,1,46,1659476434
129025451,Douai - Bruxelles,48.88320784122797,2.3308449949028507,27,9038,0,1,24,1659476572
128920403,Gare Saint-Lazare - Isly,48.874777677621296,2.326515804784655,27,8009,0,1,24,1659476777
323616530,Quai de l'Horloge - Pont Neuf,48.857058739111096,2.341798283943937,17,1001,0,1,16,1659476690
208795867,Ambroise Rendu - Porte Brunet,48.883667,2.395733,17,19105,1,4,11,1659476265
1062192012,Gare Rosny-Bois-Perrier,48.88115023337061,2.480436824262142,36,31103,0,23,12,1659476583
6296,Institut de France,48.85761567856468,2.335831353037739,17,6001,2,0,14,1659476735
521393180,Porte Pouchet-Bessières,48.8978765,2.3230632,23,17008,7,5,8,1659476709
576188379,Vigée-Lebrun - Anselme Payen,48.838683941628375,2.3110422492027287,24,15112,1,4,19,1659476628
128915891,Octave Gréard - Tour Eiffel,48.856502977696,2.2931787543289,33,7025,20,1,12,1659476713
82567101,Château - République,48.8629238005955,2.415503561496735,26,31706,0,3,20,1659476726
457813746,Henri Barbusse - Stalingrad,48.814183748660554,2.2872862592339516,16,22409,6,3,7,1659476698
128882438,Institut du Monde Arabe - Saint-Germain,48.84906329950134,2.3558086529374123,40,5020,0,2,37,1659476755
50191171,Thionville - Ourcq,48.88917613743794,2.3833653330802917,24,19015,7,5,11,1659476553
129014600,Rossini - Laffitte,48.87334627510507,2.337980867701675,33,9022,0,1,30,1659476493
3906153622,Argenteuil - Voltaire,48.91864865955558,2.2814112156629562,16,26003,9,6,0,1659476609
129087587,Legendre - Clichy,48.88896161855884,2.322528975094376,40,17004,7,9,24,1659476772
213693511,Quai de la Seine,48.884492238407525,2.3703941702842717,24,19003,0,1,21,1659476762
82379648,Lisbonne - Monceau,48.87745567681383,2.309694221419506,33,8036,0,1,31,1659476465
66491397,Gare de Lyon - Place Louis Armand,48.8455150897939,2.3726498446286,60,12151,1,1,55,1659476733
907081682,Romainville - Vaillant-couturier,48.868054,2.4470495,0,31024_relais,0,0,0,1659476739
230877798,Chartres - La Charbonnière,48.8847601,2.3534657,34,18107,4,2,28,1659476483
2515995748,Pesaro - Préfecture,48.89577046284005,2.223908342421055,22,92007,0,0,19,1659476746
27363162,Ranelagh - Mozart,48.8554439,2.2704418,23,16026,9,5,7,1659476677
129021753,Moncey - Blanche,48.88006587474148,2.3310810327529907,17,9028,0,0,17,1659476742
210740080,Gare du Nord - Hôpital Lariboisière,48.881949,2.352339,49,10107,2,1,44,1659476589
54000569,Saint-Ambroise - Parmentier,48.86214784454763,2.3772348091006275,38,11027,1,4,32,1659476624
80216231,Belidor - Gouvion-Saint-Cyr,48.88022154052015,2.2854680567979813,39,17043,1,0,38,1659476306
336511521,Place de Rhin et Danube,48.88192765861766,2.392586767673493,17,19026,0,1,15,1659476713
129043651,Roquette - Thiéré,48.85507930579506,2.3733686318721463,23,11002,9,2,12,1659476779
82562556,Exelmans - Versailles,48.84097491091973,2.264390252530575,49,16039,16,5,26,1659476740
129048000,Saint-Maur - Roquette,48.858688774062955,2.383553994571467,46,11023,24,4,17,1659476758
1062250686,11 Novembre 1918 - 8 Mai 1945,48.80889533774377,2.5382421165704727,36,45003,1,6,29,1659476266
261987383,Place Du Général De Gaulle,48.8687591,2.4329931,26,31009,0,2,23,1659476540
813544903,Amelot - Saint-Sébastien,48.86114216276092,2.367799618107727,30,11047,22,4,3,1659476644
126050442,Pereire - Rennequin,48.88364782887555,2.2952447086572647,23,17030,5,4,14,1659476560
27363489,Claude Decaen - Cannebière,48.83761417037952,2.397253782195704,27,12111,14,5,8,1659476505
39296638,Berri - Haussmann,48.874746047357135,2.3082953318953514,35,8034,1,0,33,1659476225
205938683,Delphine Seyrig - Général Leclerc,48.893923963057865,2.39790290594101,53,19043,2,1,50,1659476687
210399835,Panthéon - Valette,48.84702057165222,2.3464982619671075,39,5032,0,1,37,1659476578
1057324291,Cimetière de Montrouge,48.822009,2.322188699,58,14020,0,1,57,1659476613
102324803,Pyrénées - Emmery,48.872010281270974,2.392039597034455,40,20042,0,6,33,1659476534
101763163,Desaix - Edgar Faure,48.852804604940296,2.293077029857222,12,15067,9,2,0,1659476265
653133605,Gare RER - Canadiens,48.81995307955795,2.464176752459464,45,43401,17,20,5,1659476762
3906094706,Redoute - Les Courtilles,48.92986719451888,2.283669635653496,32,26002,23,6,1,1659476758
27414578,Notre-Dame-des-Champs - Stanislas,48.84479928858768,2.329337755887181,19,6006,1,1,17,1659476588
508042092,Pyramide - Ecole du Breuil ,48.82237977153955,2.4586871266365056,34,12128,12,9,11,1659476694
42603855,Liège - Moscou,48.8795431,2.3264628,17,8010,1,1,15,1659476370
818302209,Mairie de Montreuil,48.86131452758348,2.440614402294159,52,31022,0,2,50,1659476483
13718041,Square Simon Bolivar,48.8750898883217,2.3826304078102116,24,19101,2,16,5,1659476266
265464297,Schoelcher - Raspail,48.83681733526843,2.3312794080411474,50,14003,0,2,47,1659476475
1057392676,Rouget de Lisle,48.764615483395254,2.4071189761161804,35,46002,21,6,7,1659476771
102309973,Cimetière de Montmartre,48.886472466141925,2.3328901827335358,43,18003,1,4,38,1659476560
532054446,Richard Lenoir - Republique,48.8667175,2.3692541,58,11113,5,0,53,1659476655
129034587,Récollets - Square Villemin,48.875034655883944,2.359801238597928,17,10016,8,1,8,1659476649
314829539,Charles de Gaulle - Beauté,48.83649602312711,2.479562651149885,49,41302,5,17,26,1659476761
586539770,Marne - Germain Dardan,48.81154270401601,2.303070724010468,22,21212,0,2,20,1659476334
3906335682,Roger Salengro - Fontainebleau,48.814548697324845,2.36116636544466,25,42706,6,10,8,1659476622
583539396,Anatole France - President Roosevelt,48.9155156,2.3814103,29,33017,1,22,6,1659476702
101753100,Henry Farman,48.83372430280548,2.2713854536414146,16,15042,1,1,14,1659476658
27415466,Jourdain - Place des Grandes Rigoles,48.87403113727167,2.38959476351738,22,20112,0,3,18,1659476778
52393,Grands Moulins de Pantin,48.89738369720229,2.3959985375404362,50,19044,2,2,46,1659476472
81081358,Pajol - Place Herbert,48.8927825,2.3635598,39,18011,10,8,21,1659476577
66491385,Fontenay - Libération,48.84780306364685,2.445141971111298,25,43008,7,1,16,1659476776
209057581,Gabriel Péri - Francisco Ferrer,48.88633710236977,2.407338917255402,18,33102,2,8,6,1659476770
66491389,Place de la Reine Astrid,48.86492098253841,2.302549182385926,58,8045,0,3,53,1659476585
210749865,Port-Royal - Hôpital du Val-de-Grâce,48.8376682728114,2.344813834660711,18,13001,3,0,13,1659476682
535500589,Hôpital Européen Georges Pompidou ,48.83769531916335,2.275374233722687,64,15104,8,1,55,1659476274
597245295,Concorde - Stalingrad,48.7985844,2.3821302,35,44006,13,21,1,1659476665
213684314,Fédération - Suffren,48.852828153442346,2.2978776320815086,25,15105,18,5,0,1659476662
235513935,Carducci - Place Hannah Arendt,48.877436681515796,2.3860743641853337,27,19120,0,2,25,1659476724
27206194,Saint-Jacques - Val de Grâce,48.8417514,2.3413893,20,5004,5,2,12,1659476635
102323152,Manin - Carrières d'Amérique,48.88467214209463,2.3919698596000676,20,19103,1,12,7,1659476477
828134511,Porte de Vanves,48.828012849445,2.3056878894567,32,14138,0,4,24,1659476663
129060764,Victor Hugo - Jeanne Jugan,48.843949064031825,2.415081394834419,28,12114,4,4,20,1659476552
586649404,Conservatoire de Musique,48.77093586667601,2.4034014344215398,25,46003,3,3,18,1659476640
596813170,Cimetière de Fontenay-sous-Bois,48.84706173362218,2.4787822365760808,15,41209,0,2,13,1659476763
596872103,Lucie Aubrac - Fort,48.818144834008976,2.271184623241425,30,21312,2,10,18,1659476633
271426439,Buisson Saint-Louis - Saint-Maur,48.87174684930295,2.3722528328789854,19,10024,4,11,4,1659476613
27363187,Place Albert Kahn,48.8957969797804,2.345585584134864,46,18031,5,23,15,1659476741
76199461,Championnet - Vauvenargues,48.89401874744574,2.3319872841238976,33,18028,10,11,10,1659476769
230952057,Place Marcel Cachin,48.81411442356866,2.39090770483017,32,42014,13,4,13,1659476736
37815993,Mutualité,48.848225572724,2.3502873256803,37,5018,21,11,5,1659476756
88140066,Rocher - Laborde,48.87590240712654,2.322616316378116,65,8017,2,1,62,1659476780
213683101,Lecourbe - Jean Maridor,48.83796366147599,2.2877392172813416,19,15054,17,1,1,1659476752
213684750,Grenelle - Violet,48.84993035512154,2.294612042605877,35,15106,26,3,2,1659476772
129067920,Mouton Duvernet - Général Leclerc,48.831632518292565,2.3293121159076686,39,14008,3,2,34,1659476744
2515049357,Erasme - Ulm,48.84264375274712,2.3445946723222733,24,5124,1,4,19,1659476771
27364743,Marc Sangnier - Porte de Vanves,48.825218683556734,2.3107116669416428,21,14106,0,3,17,1659476687
102314792,Etienne Jodelle - Saint Ouen,48.88794016394694,2.326124420314341,33,18046,2,2,27,1659476611
35447568,Guy Môquet - Etienne Dolet,48.81527009991819,2.298078276995073,23,22406,3,4,15,1659476288
129038848,Enghien - Faubourg Poissonnière,48.872420063053,2.3483952362828,16,10042,0,1,12,1659476607
27415736,Jean Jaurès - Presles,48.90713441498779,2.396005728053061,30,35002,11,3,16,1659476704
583178525,Boissière - Etienne Dolet,48.876111,2.4677312,21,31102,1,14,3,1659476636
2514995690,Chabanais - Petits Champs,48.86703740186721,2.336716018617153,30,2111,3,1,23,1659476706
82387816,Bertie Albrecht - Hoche,48.87614039826388,2.301303138307601,32,8054,0,1,31,1659476741
213685090,Cevennes - Bergers,48.84240765130395,2.281037718057633,29,15109,19,8,1,1659476673
301841024,Molière - République,48.81111581390707,2.3145738624448158,30,21209,4,11,15,1659476678
66491402,Marcadet - Barbès,48.89045112096476,2.349057392968696,37,18022,5,14,17,1659476694
213679512,Sibelle - Alésia,48.826701758539215,2.3384983465075493,25,14012,2,9,14,1659476753
588452142,Hoche - Jean Lolive,48.89110239200789,2.402843534946442,24,35010,4,6,14,1659476772
85147829,Hôtel de Ville de Boulogne Billancourt,48.83495885166784,2.2416803240776066,26,21005,3,2,21,1659476699
213681356,David Weill - Parc Montsouris,48.821092374256104,2.333725690841675,22,14124,1,5,16,1659476740
2515351285,Saint Lambert - Blomet,48.83659148147257,2.2930556908249855,27,15133,16,10,0,1659476653
213685514,Place Robert Guillemard,48.836191728066666,2.2811267160086417,24,15110,22,2,0,1659476685
102329800,Marcelin Berthelot,48.8415473058801,2.233161628246308,27,21006,18,3,5,1659476688
54000625,Repos - Cimetière du Père Lachaise,48.859358523593,2.3896131366845,33,20131,2,18,13,1659476463
572566600,Edouard Tremblay - Julian Grimaux,48.781383825117,2.3723508417606,30,44013,8,10,11,1659476462
213911772,François Debergue - Croix de Chavaux,48.857421708072074,2.437578141689301,57,31008,2,5,49,1659476755
129132870,Nationale - Place Jules Guesde,48.82753962462998,2.2416052222251897,23,21015,4,3,16,1659476513
620403530,Gabriel Péri - Danielle Casanova,48.790114,2.4025777,20,44003,15,5,0,1659476632
66491378,Lakanal - Commerce,48.84442462786544,2.294059172272682,53,15034,37,10,2,1659476683
631773910,Carnot - Pâquerettes,48.79592939432515,2.4261841177940373,26,41404,12,10,0,1659476693
1765749389,Karl Marx,48.784527937293184,2.3646667979455587,16,48010,1,4,11,1659476542
611152693,Tertres - Fontaine,48.787553654715644,2.306235730648041,28,22203,0,6,22,1659476755
235241110,Gare Rer de Fontenay sous Bois,48.8436279,2.4630465,61,41202,23,2,33,1659476652
613737748,Raspail - Manufacture des Oeillets,48.8094458,2.3903009,32,42021,17,15,0,1659476745
41498023,Oberkampf - République,48.865316087070475,2.3761147849099955,24,11030,10,9,3,1659476732
1062671597,Cossonnerie - Sébastopol,48.86132665908402,2.349419631063938,24,1119,1,8,14,1659476455
213945171,Noisy le Sec - Jean-Baptiste Clément,48.87451538963655,2.415283620357514,22,31708,1,2,16,1659476546
463297497,Marcelle - Thalie,48.8835462,2.4137883,20,35020,0,2,16,1659476597
213875650,Henri Ste-Claire Déville - Paul Héroult,48.892663,2.172411,24,25003,9,1,7,1659476262
245187072,Louis Lumière - Porte de Bagnolet,48.86431136000005,2.4105210229754443,20,20115,0,2,18,1659476735
129144878,Paris - Emile Zola,48.854898095789295,2.4186685681343083,30,31003,5,5,20,1659476750
27415665,Jean Jaurès - Salvador Allende,48.821475594736775,2.3026576638221745,43,22402,21,8,14,1659476725
593238093,Victoire - Chaussée d'Antin,48.875065791004396,2.3316738009452824,24,9116,2,0,22,1659476642
102331767,Victor Hugo - Galliéni,48.83802015441127,2.2460845112800603,34,21008,4,4,26,1659476267
37791,Richard Lenoir - Jean-Pierre Timbaud,48.86580427668637,2.369337074966926,36,11039,3,1,29,1659476655
50156117,Legendre - Dulong,48.885325169402904,2.316423766314984,23,17013,4,5,14,1659476676
15462236,Galilée - Kléber,48.86741186571367,2.290781380114821,32,16008,0,1,31,1659476253
129093478,Place de la Porte de Champerret,48.88561741628322,2.290781411279206,28,17031,0,0,28,1659476658
35908,Cujas - Saint-Michel,48.848191348584,2.341831654854,19,5106,5,2,11,1659476667
210744286,Chemin Vert - Saint-Maur,48.86112461407359,2.381299026310444,45,11026,18,16,10,1659476669
101024234,Quai Panhard et Levassor,48.82837482809675,2.384273745805574,57,13050,21,5,25,1659476474
213992316,Square du Théâtre du Garde-Chasse,48.881287375060616,2.420119643211365,50,32604,0,7,43,1659476724
213694482,Botzaris - Parc des Buttes Chaumont,48.877951,2.381464,20,19024,2,2,16,1659476407
235599121,Général De Gaulle - Alouette,48.839109,2.4175664,26,41601,3,8,15,1659476672
210573120,Hoche - Tilsitt,48.874836457837,2.2971323132515,33,8057,1,0,31,1659476595
129011497,Rochechouart lamartine,48.876719895109,2.344393021853951,24,9010,3,0,18,1659476754
101743895,Joseph Liouville - Croix Nivert,48.844835471244416,2.297508493065834,64,15021,41,2,21,1659476668
213691848,Place Madeleine Daniélou,48.883498,2.282015,42,17105,6,2,32,1659476780
210396518,Estrapade - Ulm,48.84512772828039,2.3454568170361734,16,5012,4,3,9,1659476722
97677210,Parmentier - République ,48.8644954,2.3750124,50,11105,15,6,27,1659476778
39254792,Mairie du 11ème,48.858925,2.3789759,51,11024,15,12,24,1659476609
213683992,Cauchy - Cévennes,48.8433725710224,2.275132834911347,51,15103,42,3,5,1659476734
54000601,Jean-François Lépine - Stephenson,48.88611466796807,2.356855627529275,22,18009,2,5,11,1659476777
27362896,Beffroy,48.886591074487995,2.261394560337067,26,22003,0,1,25,1659476690
213687140,Molitor - Chardon-Lagache,48.84520880183234,2.2656840831041336,34,16038,14,1,15,1659476780
213680917,Abbé Carton - Plantes,48.827673823165846,2.320918142795563,25,14110,2,0,23,1659476664
1057774603,Marie-Georges Picquart - Pereire,48.88863669349711,2.3111706599593163,32,17125,0,0,32,1659476771
213688462,Sablons - Georges Mandel,48.863875,2.28189,38,16108,7,4,26,1659476406
102749572,Gare RER de Vincennes,48.847563015126106,2.433383166790009,51,43005,1,4,41,1659476769
390212609,Théophile Gautier - François Millet,48.85034821320644,2.273029983043671,30,16136,18,4,6,1659476700
549876068,Villette - Belleville,48.8726877314,2.376461327076,48,19032,6,10,31,1659476676
63498079,Marché Secrétan,48.88125496379482,2.373463287949562,26,19022,3,5,13,1659476687
102338493,Larmeroux - Baudelaire,48.816939911292,2.2809894804846,29,21701,6,10,13,1659476332
875078767,Lieutenant Chauré - Etienne Marey,48.86746195408435,2.405970990657807,20,20134,1,6,13,1659476444
1558958733,Arche - Léonard de Vinci,48.89790972494496,2.2383723043644914,28,24001,1,2,23,1659476613
2515802454,Charles de Gaulle - Sablonville,48.87991924860035,2.2763770446181297,26,22016,4,3,18,1659476644
648227675,Auguste Cain - Jean Moulin,48.82577028927573,2.3210415244102482,40,14136,4,5,30,1659476576
42566291,Miromesnil - La Boétie,48.87372241291653,2.315848097205162,35,8025,4,4,27,1659476658
1062206433,Chemin Vert - Fraternité,48.877141208359035,2.4461565166711807,20,32302,1,13,5,1659476657
129032910,Marseille - Beaurepaire,48.871624306962985,2.3639265082738348,55,10014,17,4,29,1659476767
647826568,Saint-Germain - Thenard,48.850571,2.3471015,31,5123,15,3,12,1659476774
54000577,Arago - Glacière,48.83486054775774,2.3445770524322067,27,13002,9,3,14,1659476337
54001024,Parmentier - Abel Rabaud,48.86921273836114,2.371688821240712,52,11035,6,10,35,1659476781
94250567,Mairie d'Ivry-sur-Seine,48.81057120969284,2.3842826485633855,53,42010,41,9,1,1659476763
129078200,Parc Georges Brassens - Brancion,48.83227829269761,2.3022570088505745,29,15046,7,10,11,1659476747
649888071,Place Paul Eluard,48.7672039733195,2.4144977331161503,19,46001,7,10,2,1659476686
82563707,Exelmans - Michel-Ange,48.84309486651855,2.2597770800669053,33,16040,10,1,20,1659476520
129143598,Pierret - Madrid,48.882976576876565,2.260125767248034,28,22006,1,0,26,1659476571
213690847,Reims - Raymond Pitet,48.8888,2.296319,37,17028,3,1,31,1659476510
102333275,Saint-Vincent - Verdun,48.819211549234495,2.254007756710053,34,21301,32,2,0,1659476742
640629438,Aristide Briand - Gare de Bagneux,48.79387269664978,2.321148812770844,22,42302,14,6,2,1659476765
82328045,Victoria - Place du Chatelet,48.857992591527,2.3469167947769,22,1002,4,0,17,1659476630
27363362,Seine - Flandre,48.886785741479684,2.3746193200349808,19,19029,1,0,17,1659476472
237624030,Mathurins - Auber,48.872988840743595,2.3294984212276404,36,9032,1,0,34,1659476250
27415512,Parc Roger Salengro,48.905303858642,2.31055945158,35,21110,0,0,35,1515739220
213957917,Wilson - Métallurgie,48.909423010092326,2.3584435880184174,28,32003,3,2,22,1659476777
54000626,Madame de Sanzillon - Mozart,48.90379820774301,2.3187401890754704,22,21104,0,4,18,1659476545
6399,Hautpoul - Jean Jaurès,48.88639367943585,2.386541454435452,33,19016,1,15,15,1659476710
210746090,Grand Prieuré - Crussol,48.864660627935,2.3692265531829,49,11042,16,0,29,1659476434
27414841,Square d'Anvers,48.882633484311,2.3448844062122,33,9005,0,1,25,1659476276
82253759,Mairie du 7ème,48.8577967,2.3192664,27,7102,2,1,23,1659476545
82457375,Volontaire - Lecourbe,48.8435137879902,2.3065522313117985,31,15013,23,5,1,1659476716
54000609,Laumière - Petit,48.88467368538326,2.380039058625698,34,19013,4,13,15,1659476615
49859500,Charenton - Diderot,48.846171461187,2.3793068155646,18,12009,8,3,7,1659476742
214139374,Gare RER de Gentilly,48.814280450380224,2.3410347104072575,30,42504,3,9,17,1659476773
213702608,Boyer - Ménilmontant,48.86889516267913,2.3919824145634565,19,20121,1,8,8,1659476694
214134714,Gare Arcueil - Cachan,48.799824,2.328171,26,42301,0,0,26,1659476184
559507144,Place Jean Ferrat,48.8184945213025,2.3744174838066106,25,42015,4,12,9,1659476573
213700358,Villiers de l'Isle Adam - Pyrénées,48.867362,2.396222,20,20111,2,10,8,1659476748
653063170,Place de la Porte de Paris,48.93009363207303,2.3564037680625916,40,32016,12,17,8,1659476777
3906215030,Place Amédée Gordini - Lefebvre,48.83061737745,2.2920634208276,38,15201,2,2,33,1659476632
129151834,Stalingrad - Désiré Chevalier,48.85670169739857,2.445072233676911,42,31010,9,13,20,1659476691
237041013,Saint-Jacques - Soufflot,48.8465255,2.343099,19,5006,2,3,13,1659476302
54000553,Marignan - Champs-Elysées,48.869495661232,2.3066138139003,35,8013,1,0,34,1659476766
653200142,Hôtel de Ville de Nanterre,48.892371898250424,2.205548956990242,38,92008,5,3,22,1659476719
650091839,Victor Hugo - Ecoles,48.80476007936134,2.4180373930262093,25,41402,7,10,1,1659476356
362869414,Hôpital Bégin,48.84571672113014,2.4272462725639348,26,43003,5,1,19,1659476748
55664548,Charonne - Faubourg Saint-Antoine,48.852191909696,2.3740932717919,34,11004,16,6,10,1659476759
100859941,Raspail - Bac,48.855628721100935,2.3256602883338933,52,7005,3,1,46,1659476775
49368561,Jules Ferry - Faubourg du Temple Paris,48.868397,2.3678933,58,11036,29,5,21,1659476749
42743053,Stephenson - Doudeauville,48.888537048944826,2.3561610281467438,36,18012,2,12,21,1659476762
213699913,Place de l'Édit de Nantes,48.88879,2.3785,30,19125,2,5,19,1659476660
101740379,Boulard - Daguerre,48.83446472680611,2.3293386027216907,45,14036,0,1,43,1659476595
4329844165,Tristan Tzara -  Tchaïkovski,48.89490221746837,2.3648490384221077,33,18201,4,4,22,1659476752
213694069,Flandre - Alphonse Karr,48.89465,2.381868,26,19008,1,1,23,1659476536
468843711,Saint Georges - d'Aumale,48.87778639599673,2.337429821491241,23,9021,3,0,19,1659476757
378626842,Anatole France - Louise Michel,48.88873214926474,2.2881576418876652,50,23009,6,5,39,1659476691
27414945,Montgallet - Charenton,48.842647778701,2.3861649278137,16,12027,13,0,1,1659476775
210090269,Jean Macé - Faidherbe,48.85337548425958,2.3828620836138725,63,11007,31,6,24,1659476728
376664868,Gaston Roussel - Commune de Paris,48.89432034553156,2.432552274419542,30,32303,2,6,20,1659476637
2515927759,Stalingrad - Germaine Tailleferre,48.80257200481316,2.3786691203713417,28,42029,8,19,0,1659476772
205955605,Bienfaisance - Place de Narvik,48.87660163459077,2.3129771277308464,36,8035,0,1,35,1659476655
933214552,Guynemer - Séverine,48.83091743371036,2.2790706530213356,26,21313,19,2,5,1659476729
66491370,Jacques Callot - Mazarine,48.85528017533187,2.337574325501919,28,6013,9,2,17,1659476488
353462947,Richard Wallace - Place du 8 Mai 1945,48.87866794788021,2.2420343756675725,30,28001,1,7,20,1659476728
1559700274,Square Gilbert Thomain,48.90717373809284,2.2695400938391685,20,26007,1,9,9,1659476545
39217683,Alfred Roll - Berthier,48.88780857052871,2.30009529817631,28,17102,9,5,13,1659476633
213688824,Faustin Hélie - Desbordes-Valmore,48.859403,2.276522,33,16111,2,1,29,1659476680
82337423,Varenne,48.8572026618033,2.315277121961117,47,7015,3,0,43,1659476535
66491404,Flandre - Riquet,48.888013281448,2.3737595955229,21,19005,6,3,9,1659476662
66491393,Dupleix - du Guesclin,48.85147910413369,2.296709530055523,47,15025,40,7,0,1659476611
1062223873,Ancien Canal - Hélène Brion,48.89484799296163,2.4188338592648506,23,35018,2,14,5,1659476556
49085250,Departement - Pajol,48.886674849730184,2.3613611608743668,19,18110,1,14,0,1659476523
376526598,Mairie des Lilas,48.8792834,2.4160182,47,32602,0,2,43,1659476629
27071684,Porte de Vincennes,48.846454,2.415514,33,12115,2,3,28,1659476544
2515907297,Pasteur - Gambetta,48.84572797384512,2.4236011505126953,19,41606,3,4,11,1659476730
66491401,Fragonard - Porte de Clichy,48.894155633419,2.3143893107772,56,17011,8,2,45,1659476473
341388492,Place des Ternes.,48.878438631226516,2.297727763652802,46,17045,2,1,42,1659476714
985828965,Place de Verdun,48.8202823,2.473775,40,43402,35,2,2,1659476689
338762459,Edouard Poisson - Victor Hugo,48.91118557052621,2.379864752692811,30,33018,4,6,18,1659476763
323486248,Montgallet - Reuilly,48.844291,2.3896481,16,12013,7,4,4,1659476609
66491392,Parmentier - Hôpital Saint-Louis,48.87137987425661,2.369896383666685,43,10113,11,3,29,1659476766
478952881,Boulets - Voltaire,48.85218705621,2.3890301585197,24,11009,10,5,7,1659476774
501318622,Montreuil - Gonnet,48.850500564921,2.3890856287864,24,11115,11,4,7,1659476777
38263504,Place Jacques Madaule,48.823933787309,2.2606918215752,25,21305,15,1,9,1659476742
652120758,Place de la Porte de Châtillon,48.8242469,2.3186306,59,14021,2,4,51,1659476706
384370499,Place Charles Vallin,48.835523812041,2.3025986552238,26,15122,0,0,26,1659476518
49403716,Commandant Rivière,48.872933,2.309796,27,8033,0,0,27,1659476765
470807791,Jardin d'Acclimatation,48.878772242510465,2.270772233605385,33,16121,2,1,29,1659476501
82445192,Gare Montparnasse - René Mouchotte,48.83920384329242,2.320883944630623,39,14117,0,1,37,1659476468
2515658032,Clignancourt - Sofia,48.88511992309783,2.34719488842051,19,18141,5,4,10,1659476779
568135465,Paul Vaillant Couturier - Chaptal,48.89347957618252,2.277525365352631,39,23001,8,4,26,1659476759
570185777,Gare de Courbevoie,48.8993867,2.2506506,0,24002,0,0,0,1657840010
214102967,Gare de Laplace,48.80893199114179,2.3349460959434514,43,41102,17,2,23,1659476744
54000597,Bayen - Pereire,48.881804409079656,2.2921088710427284,22,17037,4,4,14,1659476472
82417874,Alexandre Dumas - Voltaire,48.852888670365,2.3891476408096,59,11102,15,12,27,1659476604
102319838,Quai de la Loire - Jean Jaurès,48.88339733854529,2.371074522980134,16,19004,0,0,13,1659476486
2515855808,Madeleine Vionnet,48.902519074064,2.3740895837545,34,33019,0,0,34,1659476317
652192395,Route de Sèvres - Porte de Bagatelle,48.87525984132485,2.249415814876557,66,16124,50,4,11,1659476642
213691542,Porte Maillot - Pereire,48.877775,2.284444,52,17042,0,0,52,1658700170
571923059,Bordier - Félix Faure,48.90390751882016,2.3830059170722966,48,33003,8,9,30,1659476722
66491405,Charonne - Avron,48.85160266522164,2.398403047037931,27,20043,1,2,22,1659476705
54000635,Félix Faure - Sadi Carnot,48.90812110228388,2.378623187541962,33,33009,2,6,24,1659476734
54000544,Jussieu - Fossés Saint-Bernard,48.84718551002347,2.3534858599305153,39,5021,21,5,9,1659476776
1062179194,18 juin 1940 - Buzenval,48.868807,2.185428,25,25005,1,5,19,1659476296
1063017616,Mairie de La Garenne Colombes,48.90663823468682,2.24679596722126,22,22505,7,1,14,1659476747
378648513,Jean Colly - Tolbiac,48.827817291597846,2.3705490678548813,36,13045,14,18,4,1659476713
27278603,Porte de la Villette,48.89835196548483,2.386150136590004,27,19115,0,4,22,1659476732
13497763,Ouest - Château ,48.83617286014242,2.319392143923804,23,14034,1,4,18,1659476714
653042442,Place aux Étoiles,48.91835629408464,2.3523425683379173,40,32010,0,9,31,1659476460
49807107,Flandrin - Henri Martin,48.8643275,2.2724174,18,16018,4,2,11,1659476676
82450803,Square Cambronne,48.847566545259745,2.3025691509246826,59,15010,35,3,20,1659476646
210747224,Pirogues de Bercy - Libourne,48.832308,2.38637,49,12034,7,3,38,1659476566
210568512,Assemblée Nationale,48.86141101465194,2.320121418520769,63,7009,4,4,53,1659476753
357409723,Place Violet,48.84487893836502,2.2905756533145905,30,15033,23,4,3,1659476725
54000571,Dugommier,48.838811048815,2.3896577954292,55,12029,36,14,3,1659476779
473204291,Victor Hugo - Magasins Généraux,48.903281401126755,2.368072383105755,34,33001,1,0,33,1659476650
27363103,Porte d'Auteuil,48.8479394142243,2.2608396783471107,33,16034,10,4,18,1659476762
85145704,Réunion - Avron,48.852566752033766,2.403928068708116,26,20132,1,6,19,1659476533
653044270,Claude Bernard - Arbalète,48.83976676978202,2.347510904073715,17,5114,2,2,10,1659476764
26958435,Square des Saint-Simoniens,48.8701796,2.3967273,25,20119,1,5,19,1659476773
6385,Petit - Manin,48.88650687534334,2.3938155401308374,22,19019,7,12,3,1659476679
213857398,Gare de Clamart,48.81383535598703,2.272278964519501,14,21403,1,1,12,1659476644
82550925,Place des Marseillais,48.82663907252554,2.4059280753135686,37,42207,6,6,23,1659476710
27363096,Charenton - Wattignies,48.83667579640627,2.391795855555629,33,12030,29,2,0,1659476744
85165045,Place Jean-Baptiste Clément,48.81240466867336,2.3617091774940495,25,42707,10,5,9,1659476742
129119449,Ménilmontant - Pelleport,48.87068263384462,2.398959602331646,19,20036,3,12,4,1659476754
475524450,Chanzy - Sud-Est,48.888912037698766,2.195632159709931,25,92003,10,5,8,1659476774
653048150,Jussieu - Guy de la Brosse,48.845665,2.355653,40,5119,3,0,35,1659476313
244400797,Jean Lolive - Parc Stalingrad,48.89206174403158,2.4091735482215886,22,35009,1,8,12,1659476422
213922790,Champeaux - Gallieni,48.864459134684644,2.4161778017878532,50,31705,2,4,42,1659476376
129001431,Courcelles - Place des Ternes,48.878199928923124,2.2992860188665043,31,8055,0,0,29,1659476629
210753033,Gare d'Austerlitz,48.842524,2.364044,14,13014,5,4,4,1659476549
653203262,Parc Pierre Lagravère,48.92650488131725,2.239069678491417,30,27002,21,5,1,1659476759
406806401,Guichet - Jean Jaurès,48.905169868129036,2.3023840785026555,28,21109,23,2,3,1659476634
85143075,Evariste Galois,48.87308753734472,2.4133380129933357,30,20120,0,8,22,1659476694
1063035479,Parvis Robert Schuman - Roger Salengro,48.812657470558754,2.1921751275658607,24,23701,8,16,0,1659476777
54000595,Navier - Epinettes,48.89587780769155,2.3226776719093327,36,17007,8,12,16,1659476624
82571110,Verdun - Place Henri IV,48.870797375639214,2.2277003154158592,26,21502,3,2,18,1659476388
54000582,Edgar Quinet - Gaité,48.84116092896631,2.32459545135498,27,14001,1,0,25,1659476765
217235307,Place Carnot,48.85593932186797,2.441531717777252,25,31012,10,11,4,1659476754
210748575,Gravelle - Route du Bac,48.824407,2.418455,51,12126,26,6,19,1659476602
82421994,Gare de Bercy,48.839794573906,2.3826066032052,35,12024,0,0,35,1659476484
129086648,Ceinture du Lac Inferieure - Saint-Cloud,48.86218070933143,2.2617871686816216,42,16129,0,1,39,1659476707
217572769,Anatole France - Jean Lolive,48.8949922,2.4253764,28,35019,4,9,15,1659476480
214298601,Boyer-Barret - Raymond Losserand,48.83329880233322,2.3173383995890617,23,14104,2,9,12,1659476765
129125489,Piat - Parc de Belleville,48.87195626635528,2.384981390278095,21,20113,0,2,19,1659476718
214122655,Lagny - Joffre,48.84930687084088,2.417949736118317,31,41604,5,6,20,1659476771
15461933,Parc Monceau,48.88107791412864,2.3095492646098137,18,17018,2,0,15,1659476691
82458977,Place Falguière,48.83629973941847,2.3104464635252953,23,15017,4,9,10,1659476705
129077035,Emeriau - Place de Brazzaville,48.850785261674964,2.2871585190296173,51,15029,38,6,5,1659476769
221047138,Pierre et Marie Curie - Julien Grimau,48.870714014863225,2.424097023904324,18,31702,0,0,18,1659476590
15308782,Sommerard - Saint-Jacques,48.850310432924466,2.345015835298588,34,5002,16,2,14,1659476740
216473073,Tardieu - Chappe,48.884146759782,2.341845408082,18,18005,0,4,13,1659476763
37521,Petites Ecuries - Faubourg Poissonnière,48.87397217237368,2.348388757504776,17,10005,2,3,9,1659476778
35196898,Gare d'Austerlitz - Quai Saint-Bernard,48.84369030864,2.3657163977623,27,13104,0,0,27,1642540077
653046029,Place Valhubert,48.844182577315,2.3640366643667,37,5116,19,2,14,1659476716
2515976231,Nanterre - Université,48.901365,2.212693,20,92004,2,4,11,1659476628
129103849,Francoeur - Marcadet,48.89104123261663,2.340014585442034,20,18020,3,6,11,1659476756
1057009034,Henri Chevreau - Couronnes,48.87033205312931,2.388777695596218,27,20136,1,10,15,1659476612
82334007,Pascal - Claude Bernard,48.839061952159746,2.3499782010912895,49,5026,19,3,18,1659476530
214146056,Vignerons - Minimes,48.841486,2.430793,29,43006,15,12,2,1659476773
214123470,Place Léon Gambetta,48.81461250235386,2.4029293656349187,26,42023,0,0,26,1659347562
85008390,Grenelle - Dr Finlay,48.851315406715976,2.2919502854347233,71,15028,65,5,0,1659476730
216039437,Lamennais - Washington ,48.87352990026496,2.303444892168045,26,8102,1,0,25,1659476610
215495494,Batignolles - Place de Clichy,48.88347453575669,2.326493114233017,47,8012,0,0,47,1659476709
43155320,Porte d'Orléans,48.8227639,2.3249313,48,14018,2,6,39,1659476261
129130397,Pierre Grenier - Pont de Billancourt,48.8258020742942,2.2487989068031315,21,21013,13,8,0,1659476760
653129412,Vladimir Ilitch Lénine - Andrée Chedid,48.813240124373,2.3319716067039,31,42503,4,14,13,1659476711
54000634,Bineau - Louise Michel,48.88666162206972,2.2843274474143986,25,23011,6,3,16,1659476285
419381597,Professeur René Leriche - Général Leclerc ,48.90782845483013,2.307887971401215,50,21111,17,4,29,1659476744
54000548,Quai Voltaire,48.85894298617901,2.331418204714572,32,7006,1,1,28,1659476678
54000466,Uzès - Montmartre,48.870790980240706,2.3431010171771054,29,2010,0,0,27,1659476501
426772876,Ledru-Rollin - Charonne,48.85345855607243,2.3772463581947094,32,11114,20,4,5,1659476645
74620630,Parc de Belleville - Julien Lacroix,48.8703459,2.3842214,26,20040,5,13,8,1659476601
129091653,Gare de Pont-Cardinet,48.88713901475306,2.314494143994255,34,17017,4,3,25,1659476773
100905057,Londres - Amsterdam,48.878034461503965,2.326483540969424,23,8101,1,0,21,1659476633
129134084,Morice - Général Leclerc,48.90245471981591,2.3128929734230046,25,21105,15,6,3,1659476704
210754072,Place Jean Delay,48.823316,2.354336,35,13026,6,16,12,1659476745
419991048,Pont de Levallois-bécon ,48.8984179,2.2791311,50,23002,3,2,38,1659476763
2820744873,Pierre Larousse - Raymond Losserand,48.83059564231877,2.3119183257222176,30,14139,9,3,18,1659476753
213676825,Pitié-Salpêtrière,48.83748810318667,2.365213818848133,51,13102,7,1,42,1659476737
15299574,Charles Delescluze,48.85242200848887,2.380632497370243,49,11101,20,7,21,1659476716
41566122,Vasco de Gama,48.83671783466264,2.283664085650799,54,15055,51,2,0,1659476781
963786819,Jonquoy - Didot,48.82890454823947,2.31648076325655,30,14130,12,4,14,1659476765
427678168,Lucien Sampaix - Récollets,48.874330377560476,2.3621229082345963,46,10015,19,7,20,1659476781
976762284,Place du Général de Gaulle,48.8525288,2.4877332,28,41207,0,2,26,1659476350
213686196,Lauriston - Copernic,48.86926,2.289918,19,16006,1,3,15,1659476630
11004671601,Capitaine Glarner - Gabriel Péri,48.902449900418745,2.3304807533425724,27,34002,17,6,1,1659476733
27414601,Saint-François-Xavier,48.851544847689894,2.3146149516105656,42,7014,16,3,23,1659476644
129036192,Gare de l'Est - Verdun,48.87615605427147,2.360914908320552,14,10023,3,1,9,1659476767
82421013,Charenton - Place du Col Bourgoin,48.844867319554,2.3825789350545,35,12011,17,3,15,1659476556
434419150,Bara - Henri Farman,48.833218027457846,2.2677567601203923,36,21308,2,0,32,1659476680
252339799,Edouard Vaillant - Paul-Adolphe Souriau,48.83484585882868,2.2479459643363957,28,21019,3,1,24,1659476470
224589573,Michelet - Assas,48.84274150283194,2.335021197795868,18,6018,2,2,14,1659476584
220502135,Porte Dorée,48.8354337,2.4077132,36,12032,2,1,29,1659476743
129114993,Belleville - Porte des Lilas,48.87660391892763,2.404769691129476,32,19037,0,5,27,1659476602
129124069,Haxo - Surmelin,48.8694370761222,2.40539657537972,21,20109,0,4,17,1659476745
221094844,Place Alphonse Deville,48.85018826266191,2.3275961726903915,23,6107,2,0,21,1659476225
220726050,Mézières - Rennes ,48.85023459321703,2.3303819820284843,55,6103,0,2,51,1659476700
254224239,Place Adolphe Cherioux - Vaugirard,48.83959442800459,2.3010657727718353,63,15038,23,11,29,1659476740
1805401614,Sèvres-Gallieni,48.837809408957,2.2281519323587,27,21032,2,2,21,1659476604
129116697,Tanger - Place du Maroc,48.8862524447104,2.3689296841621403,19,19109,1,8,10,1659476712
977409509,Vincennes - Douy-Delcupe,48.85493692155721,2.436049282550812,38,31019,1,7,30,1659476777
653055049,Place du Cornillon - Stade de France,48.92540695835961,2.3644426837563515,35,32014,2,10,22,1659476665
221041655,Porte de Clignancourt.,48.897488,2.343996,56,18032,4,2,48,1659476694
1057769632,Porte de Saint-Ouen - Henri Huchard,48.898708366365064,2.3295360803604126,26,17124,3,12,9,1659476774
1333959209,Génie - Mozart,48.794902381218904,2.3734183609485626,19,44012,3,9,7,1659476620
213690256,Place du Maréchal Juin - Péreire,48.885263,2.298286,46,17027,2,6,36,1659476623
476183970,Gare de l'Est - Place du 11 Novembre 1918,48.876327,2.3585464,40,10165,1,1,37,1659476693
632007124,Lucie Aubrac - Franklin,48.86223916006812,2.4435862898826604,36,31016,0,4,31,1659476735
977206088,Hôtel de Ville d'Argenteuil,48.946504,2.2496396,30,51003,11,4,15,1659476647
213868408,Gare Routière de Saint Cloud,48.84288183896324,2.222245037555695,31,22101,0,2,27,1659465212
129061615,Primo Levi - Frigos,48.83094844846017,2.37965351592796,34,13016,8,2,23,1659476641
43165673,Belfort - Voltaire,48.8563358,2.3829901,39,11020,22,11,5,1659476779
82381710,Batignolles - Rome,48.881823370566806,2.3202589899301524,15,8051,1,0,13,1659476566
224598098,Dunois - Clisson,48.832294,2.3674523,51,13043,23,7,19,1659476597
10968855,Colonel Monteil - Brune,48.82650293311,2.3092747998272,19,14122,0,1,18,1659476477
82508970,Verdun - Adrien Damalix,48.8222334178559,2.4215328320860863,26,44102,10,12,2,1659476773
653055097,Milton - Manuel,48.878249,2.341181,22,9115,3,1,18,1659476639
221038698,Mahatma Gandhi,48.876356,2.264205,26,16123,0,4,22,1659476777
27246227,Edouard Pailleron - Simon Bolivar ,48.87979886049996,2.374839261174202,24,19039,2,0,22,1659476700
63297,Eglise d'Auteuil,48.84749841771691,2.26848387135299,21,16032,3,5,13,1659476481
95927849,Jean Jaurès - Jean Baptiste Clément ,48.84576261454011,2.2369650006294255,24,21003,8,9,7,1659476769
102341385,Château - Bineau,48.890404028589806,2.270106375217438,23,22001,2,2,17,1659476532
54000605,Mairie du 18ème,48.892939296937605,2.3445510864257812,40,18025,2,9,27,1659476777
979059925,Bridaine - Lamandé,48.8862074,2.3206239,29,17122,9,5,15,1659476770
6512,Porte de Ménilmontant,48.8691543609174,2.40932246879487,15,20027,0,2,13,1659476362
27363323,Laffitte - Italiens,48.871815737396304,2.337201547845077,33,9023,1,2,28,1659476315
85118872,Indre - Prairies,48.86254398506782,2.403290458023548,38,20021,2,3,33,1659476312
102289046,Lourmel - Marie Skobtsov,48.844974,2.287283,22,15108,14,5,2,1659476753
124402232,Belleville - Télégraphe,48.8756045,2.3995549,41,19040,0,17,23,1659476778
985086307,Gare d'Asnières sur Seine,48.90636459217474,2.2835066914558415,24,26001,7,9,3,1659476536
27415327,Courcelles - Pierre Demours,48.883769733273496,2.29858466343129,26,17047,4,2,18,1659476594
100798076,Danton - Serpente,48.85229736258167,2.3414132371544834,22,6016,11,0,7,1659476727
15298647,Temple - Jean-Pierre Timbaud,48.864465972010244,2.3660597205162053,36,11040,9,1,25,1659476701
1063404053,République - Danton,48.85249172181667,2.462034523487091,20,41204,1,10,9,1659476739
76199110,Université Paris Dauphine,48.870707839985,2.2748656198382,0,16004,0,0,0,1613034881
54000598,Mac-Mahon - Brey,48.877532084130166,2.294512536052928,25,17046,3,2,18,1659476511
2515829865,Basilique,48.93626891059109,2.3588666820200914,22,32017,4,15,0,1659476324
989753852,Square des Epinettes,48.89383909781389,2.325953990221024,20,17121,6,11,3,1659476733
990000217,Les Planètes ,48.8099849920804,2.4580853059887886,16,47006,5,5,4,1659476615
121025345,Chabrol - d'Hauteville,48.87701838803332,2.3513179644942284,13,10020,3,1,6,1659476494
213692714,Lepic - Armée d'Orient,48.88753640381415,2.334307730197907,24,18113,1,6,16,1659476762
82577019,Cité des Sciences et de l'Industrie,48.89659571178903,2.384599149227142,30,19009,1,5,24,1659476412
39256416,Pajol - Riquet ,48.88960028134536,2.3628534749150276,47,18109,7,2,36,1659476781
255207155,Lassus - Delouvain,48.87550448459959,2.3890327325518528,20,19038,1,1,18,1659476460
653059015,Bellefond - Maubeuge,48.878255397645,2.3452642187476,31,9117,0,0,31,1658252503
63769334,Emile Blemont - Poteau,48.8943782,2.3415122,39,18029,5,21,11,1659476559
129136818,Square du Carrefour de l'Insurrection,48.820864559770676,2.291113436222077,23,21703,4,7,12,1659476667
37936869,Assas - Vaugirard,48.848274111397586,2.3292413726449013,35,6030,0,0,35,1659476736
27415469,Orteaux - Mouraud,48.85558642847872,2.408762907764669,24,20118,1,9,14,1659476554
39599631,François Ponsard - La Muette ,48.8583666,2.2744515,23,16021,1,1,21,1659476228
84979504,Provence - Chaussée d'Antin,48.87428447542072,2.332976511564311,25,9031,1,3,21,1659476751
85120104,Pelleport - Belgrand,48.86500081847653,2.403980836377493,15,20023,1,11,3,1659476692
101748685,Place Etienne Pernet,48.84243457133779,2.2921819612383847,43,15035,35,6,2,1659476779
54000608,Porte d'Aubervilliers,48.89859661942376,2.3689722642302513,55,18049,2,15,34,1659476721
653080986,Toffier Decaux - Cartier Bresson,48.90165072551549,2.4017545580863957,7,35017,0,0,7,1659476648
102743096,Sadi Carnot - François Mitterrand ,48.87532687671517,2.4241617321968083,27,31703,0,10,17,1659476781
66491394,Square Saint-Ambroise,48.860934,2.375841,43,11041,24,3,13,1659476768
126175087,Gabrielle Josserand - Edouard Vaillant,48.90271566255436,2.3933270573616032,25,35003,8,3,14,1659476524
101746493,Théâtre - Lourmel,48.8482070397636,2.2898658737540245,53,15031,39,9,1,1659476734
27363137,Hameau Fleuri - Marché,48.831448892608314,2.2412404417991643,22,21014,3,4,15,1659476480
339797666,Charles de Gaulle - Jean Lolive,48.8932644350857,2.4126765131950383,26,35014,4,4,16,1659476743
1968156458,Ecole Vétérinaire,48.81488859822486,2.4224362157778994,36,47005,19,6,5,1659476756
82404497,Ledru-Rollin - Place du Père Chaillet,48.856433706943704,2.379020587761426,37,11006,21,7,4,1659476717
991351798,Aubervilliers - Curial,48.89088305227546,2.3688579350709915,23,19127,3,4,16,1659476676
7304,Bassano -  Iéna,48.868144510482075,2.296149600985935,15,16015,1,2,12,1659476460
54000592,Balard - Montagne de la Fage,48.83850740333351,2.2782871127128606,36,15070,30,4,1,1659476756
54000572,Diderot - Pierre Bourdan,48.847648620797,2.3902582749724,21,12107,6,2,11,1659476778
15409531,Méchain - Faubourg Saint-Jacques,48.83586772099485,2.33798034198275,16,14112,0,0,16,1659476430
29327,Stade Auguste Delaune,48.80896378683884,2.4345204234123234,21,47004,9,5,6,1659476633
36298,Jean-Baptiste Pigalle - La Bruyere,48.87939826447722,2.333709173337285,17,9026,2,1,13,1659476647
37903195,Transvaal - Charles de Gaulle ,48.848280403628806,2.2373420120857195,27,21001,2,5,20,1659476623
102313219,Belliard - Damrémont,48.89669238777841,2.338023450388167,34,18033,1,8,23,1659476775
100906707,Boulets - Faubourg Saint-Antoine,48.849259262115,2.3917546141943,43,11010,13,2,25,1659476475
624177860,Route de la Muette - Porte de Neuilly,48.8798926,2.2587671,50,16122,14,2,33,1659476748
66491407,Haies - Réunion,48.85386896766491,2.402426162238911,22,20116,0,8,14,1659476576
27369223,Maine - Antoine Bourdelle,48.84308531746595,2.320263946784738,17,15002,0,0,17,1659476206
102336814,Kléber - Gouverneur Général Eboué,48.826885843069796,2.2723413258790965,24,21310,13,6,0,1659476770
484423835,Président Wilson - Jean Jaures,48.89034054052266,2.2920683026313786,27,23007,16,8,1,1659476693
54000618,Pyrénées - Maraîchers,48.85714001395299,2.4043509364128113,19,20016,5,6,8,1659476731
653059879,Gare RER de Saint-Denis,48.93554324248177,2.3471488058567047,40,32015,11,11,15,1659476702
210583589,Place Jacques Bonsergent,48.870948218595146,2.3612049221992497,33,10010,24,2,5,1659476743
653050378,Square René Viviani - Montebello,48.851904891406384,2.347842156887055,34,5121,5,3,22,1659476714
15291968,Place de Passy,48.85780291711202,2.277500546942199,15,16043,1,4,10,1659476283
15387809,Mozart - Jasmin,48.85286124871689,2.268483570651513,62,16027,19,6,36,1659476336
1002059045,Pont Neuf - Rivoli,48.860089892617,2.344057559967,27,1117,8,0,16,1659476768
126354477,Clichy - Place Blanche,48.883601088297,2.3332237824798,20,18043,0,0,19,1659476566
1002738770,Lavandieres Sainte Opportune - Rivoli,48.859279702476,2.3466217517853,27,1120,1,2,21,1659476766
100918666,Place Pasdeloup,48.86265421563133,2.3670325062844237,21,11043,1,1,17,1659476313
213987795,Wilson - Landy,48.91516726221354,2.357633225619793,40,32004,2,9,27,1659476713
15397468,Maison de Radio - France,48.85132886434057,2.277785539627075,47,16029,17,3,24,1659476649
129101773,Caulaincourt - Place Constantin Pecqueur,48.8896779050281,2.33817871442611,44,18017,0,8,35,1659476301
84966359,Naples - Rome,48.879960700846226,2.321358695626259,26,8019,1,2,22,1659476593
42908639,Lallier - Trudaine ,48.88109246617963,2.3408224806189537,29,9017,0,2,27,1659476425
125469898,Square Léon,48.88667396788626,2.353205569088459,33,18008,1,1,31,1659476756
35137730,Hôpital Pitié Salpêtrière,48.8377016,2.3604946,50,13103,5,2,43,1659476534
52329,Chernoviz - Raynouard,48.8569864146289,2.282173218142987,37,16112,6,4,27,1659476220
101761298,Place du Moulin de Javel,48.84021670922,2.2716060653329,45,15058,0,0,45,1659476449
42499285,Petit Palais,48.8667692,2.3157655,43,8001,5,0,36,1659476409
85162552,Fontainebleau - Edmond Michelet,48.80956436844049,2.3626908659935,45,42703,2,4,38,1659476417
2515738489,Eugène Reisz - Davout,48.85631874632638,2.410396970808506,20,20201,3,3,14,1659476778
256561528,Eugène Oudiné - Dessous Des Berges,48.8256423,2.3750226,44,13046,17,4,22,1659476682
452920451,Mont Valérien - Michel Salles,48.8561915,2.2152966,24,22102,2,1,19,1659476642
37920,Traversière - Ledru-Rollin,48.850735824128805,2.375870111706245,34,12004,17,5,11,1659476778
54000588,Gare Montparnasse - Vaugirard,48.8418071798797,2.31951002690117,66,15003,0,4,61,1659476689
1020700136,Neuve Saint-Pierre - Beautreillis,48.85355351439652,2.3639122769236565,20,4110,13,1,1,1659476729
100855693,Sabot - Rennes,48.852575112948415,2.331552766263485,26,6032,2,1,22,1659476722
54000549,Villersexel - Saint-Germain,48.858297001218,2.3237934708595,16,7008,1,0,14,1659476680
54000586,Pernety - Raymond Losserand,48.83425462795304,2.317609339386963,32,14030,6,2,24,1659476758
102304517,Pereire - Place de Wagram,48.887070607581215,2.304111124531457,46,17022,1,3,41,1659476694
128889359,Champ de Mars - Cler,48.856691550115315,2.306646779179573,41,7020,23,9,3,1659476740
259977414,Palais des Sports,48.833468517426,2.2858720645308,22,15107,18,1,3,1659476658
54000546,Sénat - Condé,48.84954227788459,2.337939441204071,33,6017,0,1,31,1659476408
129042700,Granges aux Belles - Hôpital Saint-Louis,48.874794994841274,2.366669436984963,60,10114,7,5,47,1659476521
912377361,Diderot - Reuilly,48.847208456061,2.3861273378134,44,12161,29,7,8,1659476748
256124192,Belleville - Pyrénées,48.8741908,2.3860039,42,19041,1,14,26,1659476671
27364581,Parc de Choisy,48.828156251575,2.3585135329033,25,13122,2,3,18,1659476684
653127524,Gustave Eiffel - Parc des Impressionnistes,48.90390619651018,2.2946908324956894,30,21114,12,1,15,1659476601
2515686699,Borrégo - Gambetta,48.87330497045532,2.4014145880937576,25,20137,1,11,13,1659476693
210737808,Aqueduc - Villette,48.883886063895,2.367198803315,28,10036,1,2,22,1659476735
82568336,Jeanne Hornet - Girardot,48.873802681432146,2.427820265293122,29,31704,1,11,14,1659476706
1021176825,Billancourt - Général Leclerc ,48.8322649,2.2380413,22,21024,2,0,19,1659476668
54000611,Manin - Simon Bolivar,48.87649965412676,2.379407362599104,26,19023,1,4,21,1659476439
66491408,Calmette,48.88104925098552,2.424993216991425,32,32603,1,7,24,1659476530
100872260,Duroc - Place de Breteuil,48.84746064114221,2.3126140236854558,42,7013,12,0,30,1659476736
36151,Favart - Italiens,48.87144635392104,2.338290105850787,17,2013,0,1,16,1659476613
213848056,Parvis Corentin Celton,48.82747252522725,2.2784319519996648,55,21311,41,6,6,1659476764
452936197,Bois de Vincennes.,48.8338064,2.4132221,60,12041,34,11,14,1659476592
54000545,Parc André Citroën,48.840639944296655,2.2780618071556096,65,15059,59,4,1,1659476756
66505511,François 1er - Montaigne,48.866887649978096,2.306675575720671,29,8038,1,1,27,1659476512
224256188,Beaujon - Wagram,48.875352455985,2.2964416444302,29,8056,1,2,26,1659476568
66491386,Surcouf - Université,48.861273016278126,2.309453550914185,58,7016,33,3,19,1659476754
1023083417,Ney - Charles Hermite,48.89874803977525,2.3645754531025887,20,18138,1,3,15,1659476574
54000539,Hôtel de Ville - Pont-Marie,48.85389964552738,2.356947250664234,36,4011,1,4,27,1659476772
1025995767,Hôtel de Ville de Champigny sur Marne,48.813810628405,2.5096759200096,21,45001,8,10,1,1659476753
101490103,Saint-Jacques - Tombe Issoire,48.833206330538864,2.3369108140468597,23,14006,4,2,17,1659476329
82432573,Porte d'Ivry,48.82176874759649,2.3688706755638127,50,13041,3,15,30,1659476681
1021553839,Faubourg Poissonniere - Delta,48.882555807626765,2.3497482016682625,36,9118,3,4,29,1659476749
54000541,Vieille du Temple - Francs Bourgeois,48.858256413365815,2.35821794718504,29,4013,17,2,8,1659476407
653065577,Gare du Nord - Demarquay,48.881154,2.358411,30,10163,4,3,23,1659476576
1034242363,Place François Mitterand,48.86492782016328,2.442958317697048,34,31023,0,1,33,1659476612
335780498,Greneta - Sebastopol,48.865242333228,2.3516669869423,32,2001,4,2,25,1659476634
256403519,Place Pigalle,48.8827555,2.3361566,21,18042,2,0,17,1659476530
484387018,Place du Maquis du Vercors,48.877321579493575,2.4083782732486725,31,20019,0,2,28,1659476544
544249939,Raspail - Chomel,48.852233164303094,2.3266580700874333,49,7101,1,1,45,1659476518
1035816937,Poissonniers - Nord,48.892511213520656,2.3522228747606277,28,18137,2,10,15,1659476656
66507229,Reims - Porte d'Asnières,48.891834448210986,2.300144659954865,26,17116,13,0,12,1659476627
27415012,Bercy.,48.839966914994,2.3788625746965,66,12108,3,1,62,1659476717
263610599,Centenaire - Sorins,48.85853523359734,2.4273508787155156,45,31013,3,3,38,1659476476
49772483,Damrémont - Caulaincourt,48.88714509078738,2.3325880989432335,18,18001,0,2,16,1659476770
653066427,Franciade - Gabriel Péri,48.93261499331498,2.355954498052597,26,32018,13,8,3,1659476755
129089749,Brochant - Square des Batignolles ,48.88818698581028,2.316861143151153,31,17016,2,0,28,1659476680
100770878,Poissy - Saint-Germain,48.849696494270084,2.352968528866768,25,5019,16,3,6,1659476715
27415297,Square Raymond Souplex,48.89183721478911,2.335426103165901,52,18019,9,15,27,1659476710
54000607,Convention - Saint-Charles,48.84315611111599,2.2831090539693832,19,15063,15,3,0,1659476780
13283986,Keller - La Roquette,48.8555508,2.3752778,34,11003,10,2,20,1659476644
100910836,Parmentier - Fontaine au Roi,48.86787670551736,2.372705978671471,48,11034,25,8,14,1659476766
6515,Rougemont - Poissonnière,48.871611569354755,2.345873080193996,30,9012,1,1,28,1659476692
41523981,Mairie du 15ème,48.8417762,2.2986539,32,15020,26,5,0,1659476782
1034247348,Place des Larris,48.8568363,2.4780236,34,41206,1,4,28,1659476485
39536951,Vistule - Choisy,48.82365543660611,2.3615723848342896,33,13113,7,4,22,1659476588
35089539,Manin - Crimée,48.8831217743719,2.3863670602440834,23,19031,2,13,6,1659476542
27415169,Nationale - Marcel Duchamp,48.82463749337136,2.3678014799952507,23,13114,7,5,11,1659476525
15412563,Square Desnouettes,48.83476837934194,2.284142297394666,22,15061,16,0,5,1659476640
30179848,Saint-Blaise - Mouraud,48.85696177597818,2.40869477391243,27,20017,1,6,20,1659476763
27363029,Charonne - Philippe-Auguste,48.855603162026,2.39054639062,32,11019,10,6,15,1659476726
484889494,Hôtel de Ville de Levallois Perret,48.89314451997415,2.2888818383216862,26,23008,16,4,2,1659476689
27363256,Thérèse - Opéra,48.86648351450895,2.334433421223788,25,1016,3,1,19,1659476752
100902274,Roquépine - Malesherbes,48.87345073390807,2.320404499769211,37,8015,0,0,37,1659476745
15414455,Paul Doumer - La Tour,48.860116109626574,2.280840481911055,34,16016,2,4,28,1659476458
27415285,Place de Finlande,48.86240833596654,2.311362437903881,25,7026,0,0,25,1659476745
78348185,Mairie de Clichy,48.903653634660834,2.3059353232383732,51,21108,36,7,8,1659476718
36003,Pont de Lodi - Dauphine,48.855296898603285,2.339947307565249,23,6014,13,0,9,1659476445
27415215,Romain Rolland,48.820215229662765,2.3234144234418346,25,14116,0,3,22,1659476643
263732151,Gambetta - Michelet,48.85273792380526,2.429966032505036,33,31018,1,12,20,1659476734
1036199130,Les Juilliottes,48.8043072,2.4437362,21,47002,3,2,13,1659476661
129161858,République - Henri Barbusse,48.90661553626751,2.389432489871979,32,33005,7,13,11,1659476763
653035822,Jeûneurs - Mulhouse,48.868997,2.346925,28,2110,4,3,21,1659476422
27414460,Danielle Casanova - Place Vendôme,48.86826649822326,2.3304839059710503,37,1022,0,2,34,1659476614
76488849,Fernand Braudel - Vincent Auriol ,48.83637852318147,2.3723404482007027,36,13019,2,0,31,1659476645
66505513,François 1er - Lincoln,48.86951797934417,2.302426218841562,31,8105,1,0,29,1659476664
129050965,Place de la République - Voltaire,48.866830968942,2.3654810339212,19,11046,2,3,10,1659476722
66491368,Sorbonne - Ecoles,48.849686566191,2.3434996604919,50,5030,3,2,43,1659476684
82419429,Faidherbe - Dahomey,48.851358329771806,2.383823134795429,44,11107,25,15,1,1659476649
349750111,Bleue - Trévise,48.87578906564573,2.347289621829987,30,9113,1,5,22,1659476687
52453,Le Vau - Maurice Bertaux,48.86803439043193,2.411030612453627,25,20103,1,0,24,1659476521
210389577,Daunou - Louis le Grand,48.869113,2.332515,17,2014,1,1,14,1659476597
15401095,Versailles - Claude Terrasse,48.84021933807409,2.263834191152959,46,16041,26,5,13,1659476732
1055553396,Mornay - Sully,48.84970399548416,2.364460788667202,15,4109,13,0,2,1659476661
210394523,Porte Saint-Martin,48.86860172112996,2.35570102930069,34,3101,6,0,28,1659476431
1036226943,Parc de Sceaux - Centre-Ville,48.7769529826096,2.2957214713096623,33,23302,5,21,7,1659476650
1056959071,Place Mireille Havet,48.850533,2.383756,43,11048,35,1,5,1659476770
60667075,Georges V - François 1er,48.87034,2.30082,22,8049,1,0,21,1659476766
66491371,Pierre Sarrazin - Saint-Michel,48.85090814639774,2.3421307280659676,33,6031,15,2,14,1659476675
486833337,Bachaumont - Montmartre,48.86617395079137,2.3449775576591496,33,2101,4,2,25,1659476782
1055541632,Place Tony de Graaff,48.8181645,2.2458109,42,21952,30,4,6,1659476741
75313725,Ferrus - Saint-Jacques,48.8313878,2.3408563,34,14007,4,8,20,1659476764
606669250,Square Georges Melies,48.84070239213081,2.409667745232582,40,12154,14,7,18,1659476746
653069115,Claude Vellefaux - Sambre et Meuse,48.875022,2.370478,34,10164,4,18,11,1659476779
15383032,Place du Canada,48.865346269362675,2.310193787964762,39,8029,0,3,35,1659476661
54000561,Lamartine - Faubourg Montmartre,48.87661398289084,2.339765690267086,32,9015,6,2,21,1659476744
54001190,Mairie du 19ème,48.88256264247959,2.3812624812126164,27,19021,1,5,21,1659476746
460558111,Square du Bataclan,48.8633762,2.3711327,20,11044,4,2,8,1659476503
82569809,Jardin Marguerite Long,48.8816985773914,2.2836575657129288,22,17104,1,2,19,1659476600
11851037297,Sèvres Rive Gauche,48.82144321827765,2.215078530688475,33,23105,0,0,33,1659476425
266052390,Melun - Jean Jaurès,48.8837796723475,2.376477420330048,28,19030,4,4,20,1659476635
37952191,Jean Jaurès - Reine,48.84009622558849,2.239872515201569,31,21004,14,5,9,1659476583
34300292,Argenson - Château,48.888559314669514,2.2642001509666447,25,22002,0,4,19,1659476720
82554786,Place de l'Eglise - Pantin,48.892809461520265,2.4124351143836975,30,35008,1,3,26,1659476312
268976295,Butte aux Cailles - Esperance,48.82758774190948,2.3492151126265526,36,13022,10,4,18,1659476682
27415444,Louis Ganne - Davout,48.86338720692607,2.409725748002529,30,20045,3,5,21,1659476711
84983562,Roquette - Folie Regnault,48.859246959155485,2.386553623578705,52,11110,19,5,27,1659476642
129081441,Vignes - Boulainvilliers,48.856399483950504,2.275240458548069,21,16031,2,0,19,1659476742
653073004,Tremblay - Lac des Minimes,48.834131261494356,2.454751655459404,48,12127,9,3,35,1659476711
1056986761,Terroirs de France - Lheureux,48.83212027074841,2.388618104159832,55,12153,9,1,44,1659476601
41610121,Censier - Jardin des Plantes,48.84107178161383,2.355475388467312,28,5028,6,4,14,1659476781
82566934,Brochant - Clichy,48.89032998912038,2.319730559929781,53,17005,4,3,44,1659476734
128936618,Matignon - Faubourg Saint-Honoré,48.87147859116726,2.313977926969528,36,8032,0,0,35,1659476773
35106544,René Coty - Parc Montsouris,48.82479134498032,2.336124926805496,55,14016,4,11,39,1659476698
267976590,François Truffaut - Saint Emilion,48.83372354344807,2.386601903271428,66,12033,23,2,40,1659476767
1056965116,Lac Daumesnil - Saint-Maurice,48.82774555743318,2.4183654785156246,50,12120,10,2,37,1659476511
54000630,Madeleine Michelis - Roule,48.88260431301364,2.2773634269833565,25,22012,14,0,11,1659476655
54000567,Montreuil - Voltaire,48.850507011842,2.3930755582745,34,11012,12,3,19,1659476763
1599921040,Jessaint - Marx Dormoy,48.88484543106364,2.358930408954621,30,18142,1,6,20,1659476390
129096696,Léon - Doudeauville,48.88832421845225,2.353573372638597,13,18014,5,7,0,1659476653
82590367,Place Marcel Sembat,48.83328865030686,2.2441747784614567,56,21017,2,3,51,1659476703
82573931,René Binet - Porte de Montmartre,48.89905109950848,2.3365534096956253,37,18035,6,6,24,1659476773
82436057,Moulin de la Pointe,48.82092946051445,2.3563179373741145,22,13110,4,5,13,1659476447
43219958,Odessa - Départ,48.842885590080826,2.3244281485676765,39,14127,1,1,37,1659476437
269953055,Quai Marcel Boyer - Victor Hugo,48.82255636666729,2.392039597034455,29,42011,23,6,0,1659476615
82448637,Suffren - Pérignon,48.84717561492764,2.307052147596786,46,15009,26,5,14,1659476631
271540743,Gare de Clichy-Levallois ,48.89679827481989,2.2984680533409123,26,23005,7,3,13,1659476772
13372702,Saint-Fargeau - Mortier,48.87266656122256,2.407912909984589,33,20117,0,1,32,1659476730
1599931563,République - Auguste Perret,48.78695280952244,2.3518594354391094,30,48009,2,14,14,1659476285
15411223,Dareau - Broussais,48.8307758,2.3361804,24,14125,5,7,12,1659476628
85152599,Le Corbusier - Jean Jaurès,48.83780830557548,2.2408381104469304,46,21009,7,2,35,1659476629
284711589,Beaumarchais - Pas de la Mule,48.855580507049055,2.368433367343057,18,4107,2,5,9,1659476514
11851327865,Docteur Calmette - Martre,48.898969358483,2.3086513252383,30,21120,0,0,30,1653895841
30550,Mairie du 9ème,48.87326713758289,2.340753448052758,24,9013,1,1,21,1659476727
478593396,Jean Moulin - Paul Doumer,48.8622179854695,2.45533436536789,20,31017,1,8,10,1659476648
213675430,Boutroux - Porte de Vitry,48.822632,2.377738,49,13047,23,6,19,1659476749
462875227,Jules Guesde - Alsace,48.89056627550627,2.295077741146088,25,23006,1,1,19,1659476755
213693126,Véron - Lepic,48.88526123395252,2.334559857845307,23,18114,7,6,10,1659476527
363735875,Pont De Charenton,48.8179685,2.4199531,18,44103,8,8,2,1659476628
265266148,Pierre Brossolette - Adolphe Pinard,48.82177227954821,2.313155829906464,24,22403,5,7,12,1659476664
357491025,Place Centrale,48.78740167690531,2.2278830409049992,22,21951,0,1,21,1659476295
457713145,Gare de Nanterre Ville,48.8950295,2.1957932,43,92005,7,13,19,1659476565
392576677,Senard - Charles Blum,48.857315824799,2.221091687679291,24,22103,1,1,22,1659476373
66491406,Cours de Vincennes - Davout,48.847238029966,2.4107042336225,48,20047,0,0,48,1659476741
338853596,Charles de Gaulle - Orléans ,48.88092225101522,2.271581590175629,26,22009,3,0,22,1659476711
1056995858,Gergovie - Vercingétorix,48.83453413883994,2.313154547426182,29,14128,4,4,21,1659476611
452347778,Daumesnil - Picpus,48.8374688,2.401765,21,12010,7,14,0,1659476737
27414924,Sambre et Meuse - Villette,48.874405666217,2.3738072379951,25,10039,2,8,9,1659476506
390075668,Station Paris Basketball - Stade Georges Carpentier,48.82048243838136,2.366832196712494,40,13117,2,4,31,1659476751
54000550,Rapp - Place du Général Gouraud,48.858102885107,2.3004072904587,31,7024,8,9,13,1659476749
1056972307,Pyramide - Parc Floral,48.837442,2.440452,50,12125,9,3,37,1659476757
653217067,Jules Guesde - Laennec,48.87628983900398,2.5006942078471184,19,31101,0,5,12,1659476478
1109534105,Demi-Lune - Aristide Briand,48.87626381919953,2.4562818557024,20,31026,4,14,2,1659476704
124390478,Commandant l'Herminier - Gallieni,48.847040552603,2.4160453677177,17,20004,4,4,9,1659476427
365181481,Guy Môquet - Saint-Ouen,48.892777719023975,2.3270335793495183,53,17001,22,22,9,1659476636
653076373,Bois de Vincennes - Porte Jaune,48.838751246689455,2.4605489149689674,35,12129,3,7,23,1659476721
52456,Pré Saint-Gervais - Lilas,48.87787062698808,2.39590734243393,28,19113,0,3,25,1659476706
15310509,Choron - Martyrs,48.877851443502536,2.3396701365709305,17,9016,11,1,4,1659476638
275968458,Place du Président Salvador Allende,48.897307310356055,2.40079153681279,60,35004,1,2,54,1659476641
213995665,Square Edmond Pépin,48.88365620689917,2.4033531546592717,30,33104,4,6,20,1659476492
1056979685,Bastille - Quai de la Rapée,48.84682410855,2.3669364675879,27,12150,9,1,13,1659476731
128928526,Clapeyron - Moscou,48.88078819514121,2.324815057218075,15,8011,1,2,12,1659476648
27415123,Boussingault - Tolbiac,48.82603516605852,2.342176808004326,28,13021,4,2,19,1659476775
287096529,Paul Klee - Place Augusta Holmes,48.838946417408025,2.3704235663952966,43,13020,0,2,40,1659476734
97705710,Jacquard - Ternaux ,48.8646605,2.373162,39,11031,17,7,13,1659476595
13242682,Alexander Fleming - Belvédère,48.88179064200294,2.4030599377642674,31,19124,0,7,24,1659476700
278576043,Honoré d'Estienne d'Ovres - Grilles,48.89056394743836,2.4064831843792427,18,35011,1,9,7,1659476630
213695073,Hôpital Robert Debré,48.88005222200894,2.4008650346327003,33,19036,1,0,32,1659476215
284708999,Santé - Arago,48.83507657562064,2.3415737262044938,38,14113,4,1,33,1659476539
653079520,Averroès - Aimé Césaire,48.91405323432864,2.412636950612068,19,35015,0,4,14,1659476781
653076393,Place du Front Populaire - George Sand,48.90680713698062,2.364541214992642,35,32021,5,22,7,1659476781
129069108,Paul Barruel - Vaugirard,48.84014918546239,2.3044332861900334,39,15019,15,7,16,1659476766
213936755,Edouard Vaillant - Galliéni,48.858462881661,2.4147954583168,49,31707,0,0,49,1597371137
30641281,Place de la Montagne du Goulet,48.8443415,2.2773844,21,15060,16,4,1,1659476570
54000593,Longchamp - Place d'Iéna,48.86491723343388,2.2926748171448708,40,16007,2,1,36,1659476765
27362949,Louis Blanc - Jemmapes,48.879330755297346,2.368448562920093,31,10110,2,3,25,1659476609
1057003116,Charles Lecocq - Lecourbe,48.84044,2.294867,30,15131,15,5,9,1659476631
285726279,Quai de Valmy,48.88126951579429,2.368186041712761,26,10037,0,1,22,1659476769
285454061,Square de la rue Pixérécourt,48.8736824,2.3960278,15,20002,0,0,15,1659448725
213686471,Eylau - Trocadéro,48.863354122371,2.2864209115505,24,16014,3,2,16,1659476547
7261,Athènes - Clichy,48.878113787876,2.32956021945824,20,9036,0,1,19,1659476219
291354793,Gare de Lyon - Van Gogh,48.843839785643,2.3704450240357,51,12006,0,1,50,1659476668
213685863,Parc Suzanne Lenglen,48.833250690537874,2.2765403240919113,52,15125,0,1,49,1659476412
653062048,Gare du Nord - Place de Valenciennes,48.879089,2.354235,25,10152,2,0,22,1659476751
1062812659,Auguste Blanqui - Glacière,48.831151602964354,2.3438221961259837,60,13515,4,6,47,1659476729
653079135,Mazagran - Pierre de Coubertin,48.816218640260445,2.344226874411106,15,13027,7,3,5,1659476660
38319086,Pierre Demours - Laugier,48.8813072,2.294846,37,17029,10,0,26,1659476744
653129435,Neuilly - Petit,48.898965361341254,2.29627937078476,16,21118,0,2,14,1659476607
221032834,Metz - Faubourg Saint-Denis,48.870893,2.353521,48,10004,9,1,35,1659476649
124622630,Pelée - Alphonse Baudin,48.8600265,2.3710541,38,11103,18,3,15,1659476718
594942659,Gare du Nord - Denain,48.879595787608096,2.3544725775718693,20,10153,0,2,17,1659476751
96512532,Joseph Sansboeuf - Saint Lazare,48.87531563065266,2.3229019716382027,18,8008,3,2,13,1659476746
362178041,Place Jules Ferry,48.812107928414775,2.325837314128876,28,21203,0,5,23,1659476396
100783424,Censier - Santeuil,48.840658921385234,2.3537524044513702,69,5034,46,9,9,1659476781
422639331,Mairie de Neuilly sur Seine,48.88494728765838,2.2677031159400944,31,22013,5,6,17,1659476567
1057061349,Chancé Milly - Cimetière Communal Sud,48.89687189382465,2.303922325372696,32,21115,10,7,15,1659476566
292871105,Botzaris - Crimée,48.87959698690176,2.3887913337477067,21,19025,0,7,13,1659476560
38280,Saint-Didier - Raymond Poincaré,48.86642312020962,2.285863497192411,17,16009,1,2,13,1659436950
653125838,Cours de l'Ile Seguin - Parc Billancourt,48.82714055843935,2.234234511852265,29,21029,6,2,21,1659476747
476053320,Ecole Militaire - Place Joffre,48.852060203582795,2.301799356937409,26,7111,14,2,10,1659476723
129121741,Belleville - Couronnes,48.868831082877,2.3809862136841,50,20039,9,11,29,1659476419
27415524,Saint-Germain-des-Prés,48.854185108152,2.3303058743477,0,6024,0,0,0,1659476672
404947652,Place Fernand Forest,48.849269143835926,2.2818631678819656,33,15072,8,3,21,1659476506
129142199,Marcel Yol - Jullien,48.82537611802588,2.287235018058929,30,21708,3,3,24,1659476645
210584503,Gare de l'Est - Fidélité,48.874575,2.356796,15,10017,5,2,7,1659476769
42541542,Gare Montparnasse - Edgar Quinet,48.841487851079,2.3233232282801,33,14101,0,0,33,1659476745
27363558,Wurtz - Tolbiac,48.82631195621006,2.344585955142975,28,13048,18,6,3,1659476637
214109662,Hôtel de ville de Fontenay-sous-Bois,48.84949749106274,2.4750164151191716,20,41210,0,2,18,1659476216
653122771,Marc Sangnier - Division Leclerc,48.78599652305309,2.329955510795116,24,42304,13,6,5,1659476638
35147530,Pierre Levée - Fontaine Timbaud,48.86632723374305,2.3711163550615306,23,11109,13,3,6,1659476781
1057081237,Cimetière d'Issy-les-Moulineaux,48.81769977392539,2.260931208729744,24,21316,0,9,15,1659476592
36473,Cadet - La Fayette,48.875601632672,2.3435704037547,19,9101,0,0,13,1659476502
101756482,Convention - Vaugirard,48.83767682233156,2.295586926020252,48,15052,27,16,3,1659476618
1057179405,Résistance - Hoche,48.864273423741956,2.435784414410591,29,31021,0,2,27,1659476409
653135400,Paul Vaillant-Couturier - Gare RER,48.80108159069614,2.402097210288048,26,44002,14,11,0,1659476607
213689228,Raffet - Montmorency,48.85258670812,2.2629252456151954,42,16115,2,4,35,1659476661
409364001,Ivry - Simone Weil,48.823283932030755,2.3659095168113713,18,13039,2,3,13,1659476727
129079313,Commerce - Letellier,48.84797660373612,2.2966245196598805,44,15123,26,13,4,1659476750
129135654,Victor Cresson - Telles de la Poterie,48.82269884297945,2.2686498274963633,31,21307,27,4,0,1659476740
653080383,Bruneseau - Quai d'Ivry,48.82494563758295,2.388566136360169,48,13121,15,6,25,1659476601
1057039016,Fessart - Château,48.84245,2.23989,20,21030,11,2,5,1659476603
1057045129,Cimetière de Boulogne-Billancourt,48.830764,2.252024,40,21031,13,1,26,1659476392
1190800638,Ranelagh - Maison de la Radio,48.85293603169479,2.280449643731117,22,16024,2,3,17,1659476625
302725495,Gare SNCF Vanves-Malakoff,48.819002163836444,2.292150005103606,51,21702,2,11,38,1659476591
303102719,Brancion - Lefebvre,48.82900222785569,2.301431038163409,11,15043,0,6,5,1659476582
27363277,Place Saint-Ferdinand,48.87815529789739,2.288518047864942,38,17039,5,0,32,1659476777
6295,Pontoise - La Tournelle,48.85045800918843,2.352454275492188,23,5107,15,3,5,1659476607
303452950,Hôtel de Ville de Fontenay-aux-Roses,48.790844603480856,2.2871455930319455,34,22604,3,9,22,1659476395
54000617,Docteurs Déjérine - Pte de Montreuil,48.85398448133697,2.41208288897222,20,20009,0,1,18,1659476405
213691137,Carnot - Général Lanrezac,48.8754438707356,2.2938242935035684,30,17033,0,0,30,1526880629
653131074,Vanne - Général de Gaulle,48.815007,2.328318,25,21213,3,5,17,1659476511
308082350,Malakoff - Place de la Porte Maillot,48.876733496637506,2.2834577411413193,31,16101,1,1,15,1659476729
653126035,Vanne - Saussaies,48.786404,2.338848,20,42305,6,8,2,1659476706
210745258,Jean-Pierre Timbaud - Vaucouleurs,48.867937,2.377885,47,11032,25,14,7,1659476681
37921892,Vinaigriers - Magenta,48.8731167,2.3593052,25,10012,9,7,8,1659476615
457834134,André Maurois - Joseph et Marie Hackin,48.8778983,2.2789591,29,16003,0,1,27,1659476575
653123610,Pierre Lefaucheux - Traversière,48.82435208303827,2.2417913004755974,35,21028,9,1,25,1659476680
35101194,Place de l'Insurrection d'Août 1944 ,48.81477852751594,2.398074567317963,30,42003,27,1,2,1659476638
54000615,Buzenval - Avron,48.851617204998654,2.401513597307666,50,20007,2,0,47,1659476740
135806005,Mairie de Romainville,48.885109,2.435679,17,32301,0,13,2,1659476631
66491395,Daumesnil - Hébrard,48.8429,2.38474,40,12043,9,4,25,1659476776
653135378,Amaury Duval - Gabriel Péri,48.81718759671675,2.323841750621796,36,21219,2,4,30,1659476528
54000562,Square Alban Satragne,48.875388227727,2.3559567333359,30,10018,3,1,25,1659476706
402212574,Charles de Gaulle - Graviers,48.88315175918637,2.2648814320564274,28,22008,1,4,23,1659476699
1057184567,Paul Signac - Aristide Briand,48.86950262156371,2.4502260982990265,35,31025,2,10,21,1659476759
1057319366,Quai de la Gare - Pont de Bercy,48.83730787972,2.3740861260598,30,13128,2,2,20,1659476598
34235349,Jean Calvin - Tournefort,48.84158856925782,2.348489575088024,28,5014,3,2,23,1659476649
210751059,Hôpital - Campo-Formio,48.835405,2.358218,16,13011,1,0,14,1659476642
1057203651,Stade de France,48.919141953558054,2.362065576016903,44,32011,8,2,32,1659476680
453172172,Porte d'Italie,48.817161987718954,2.360236309468746,13,13033,1,0,10,1659476754
478385490,Charles Gide - Fort de Bicêtre ,48.8071937956922,2.353984415531159,30,42701,0,8,19,1659476712
102326776,Jardin de l'Hospice Debrousse,48.861451061938,2.405686005949974,23,20108,1,2,20,1659476676
213706622,Vitruve - Davout,48.86053161154489,2.4091592812626543,23,20122,0,2,21,1659476751
213686749,Place de la Porte de Passy,48.857341095470794,2.2644165538827115,36,16020,1,2,32,1659476663
1057302263,Place Nationale - Château-des-Rentiers,48.829566,2.365053,18,13126,5,5,8,1659476702
82572699,Damrémont - Ordener,48.893400392981874,2.336266523912805,30,18027,2,15,11,1659476661
311552027,Temple - Charlot,48.86570934379584,2.365273725072355,45,11038,13,1,28,1659476691
27269170,Quai aux Fleurs - Pont Saint-Louis,48.85291595620935,2.352195717394352,21,4003,12,2,6,1659476676
82550543,Place de Barcelone - Mirabeau,48.847623027364,2.2735664248466,55,16030,24,10,18,1659476747
82375611,Batignolles - Beudant,48.88216401466375,2.319852970540523,44,8020,0,2,41,1659476499
443402852,Place de Lévis,48.883546851533254,2.3131933808326726,48,17015,4,3,41,1659476238
1062162270,Théâtre de La Garenne,48.905768309295276,2.2353921022349748,20,22501,0,5,15,1659476689
38192,La Motte-Picquet - Grenelle,48.84858321339195,2.299347817897797,34,15023,29,2,2,1659476731
84958519,Arcole - Notre-Dame,48.85388354132773,2.3493797332048416,31,4001,24,3,1,1659476541
559980654,George V - Christophe Colomb,48.87046,2.30104,24,8549,0,1,21,1659476732
213952930,Proudhon - Président Wilson,48.906442763495,2.3584905266762,30,32001,0,0,30,1659476536
458086607,Président Wilson - Baudin,48.89826887103676,2.2849336266517644,28,23003,4,3,14,1659476613
7247,Charonne - Pierre Bayle,48.858445054261914,2.39039812238911,23,11021,3,1,19,1659476607
653081846,Jourdan - Monticelli,48.822032,2.329095,30,14131,1,7,21,1659476565
213689815,Porte d'Asnières,48.89035817610495,2.3036286234855656,36,17023,4,0,28,1659476712
443198808,Gaston Tessier - Rosa Parks RER,48.8963765,2.3743692,37,19108,1,0,36,1659476591
620676855,Camille Groult - Guy Môquet,48.787482746521306,2.3976725712418556,22,44007,11,9,1,1659476720
98187918,Lobau - Hôtel de Ville,48.8562118,2.3532536,60,4016,26,1,32,1659476745
13191324,Assas - Luxembourg,48.84373446877937,2.333428381875887,33,6008,1,3,29,1659476576
210738704,Mazagran - Bonne Nouvelle,48.870047123655254,2.351124845445156,25,10105,5,0,18,1659476592
102745622,Raspail - Albert Schweitzer,48.81031545,2.34395871,28,42501,19,6,3,1659476771
213999554,Jean Jaurès - Ouvrières Pivéreuses,48.91042343752563,2.399576604366303,20,35001,7,4,8,1659476494
213677219,Brillat-Savarin - Küss,48.822203,2.350422,21,13109,12,7,1,1659476756
6294,Marché aux fleurs,48.85525811539143,2.3473754525184636,23,4002,4,2,14,1659476691
85155919,Estienne d'Orves - Henri Ginoux,48.815388220397274,2.320886790760933,31,21204,6,9,15,1659476410
1062238429,Place de l'Europe - Quai de Bercy,48.82529858840266,2.3945679143071175,17,42209,13,3,0,1659476753
369011098,Paris - Laitières,48.84630274151258,2.4207553267478947,22,43001,3,3,16,1659476573
102343591,Louis Pasteur - Albert Petit,48.796261,2.317289,31,22206,0,13,18,1659476511
27415150,Bobillot - Paulin Mery,48.829899841747384,2.3543356766748507,23,13106,2,7,11,1659476777
82565383,Jacques Kellner - Saint-Ouen,48.895809485802886,2.327897409164145,45,17003,13,8,24,1659476395
101491821,Jean Moulin - Place Victor et Hélène Basch,48.82764910241,2.3261967301369,41,14010,9,3,27,1659476753
653134004,Louis Rolland - République,48.81710889740748,2.3193106434955717,26,21217,3,2,21,1659476357
27415246,Javel - André Citroën,48.846276485475,2.2786368057131767,45,15064,35,7,1,1659476779
389788858,Emeriau - Beaugrenelle,48.84791249714942,2.2843059897422795,74,15030,46,6,18,1659476741
1056947780,Faubourg Poissonnière - Dunkerque,48.880883445404436,2.349934279918671,30,9114,2,1,27,1659476755
38327,Victor Hugo - La Pompe,48.86795222470859,2.28146318346262,41,16011,1,1,37,1659476732
100925033,Gare de Lyon - Chalon,48.84566619420225,2.3741452395915985,45,12007,1,0,44,1659476627
109609241,Colmar - Victor Hugo,48.88652251096166,2.173960916697979,32,25001,0,5,23,1659476665
82562496,Benjamin Delessert - Jean Lolive,48.89392043619345,2.417981922626496,21,35007,0,5,15,1659476576
235197110,Place de la Gare,48.80253358011283,2.4275037646293645,46,47001,38,5,3,1659476538
417088374,Place Mongolfier,48.815160030060376,2.4592879414558415,39,44101,27,3,5,1659476776
129145892,Paris - Désiré Préaux,48.85742876694898,2.4323049187660217,49,31007,3,5,40,1659476548
439750210,Italie - Jardin Joan Miro,48.81990914045756,2.3592948541045193,26,13032,4,2,20,1659476644
82584215,Place Lafayette,48.829654975522,2.2638675570488,62,21306,2,4,56,1659476616
42720305,Monceau - Malesherbes ,48.8795079,2.3145456,38,8037,1,1,35,1659476343
653205656,Gare de la Garenne-Colombes,48.909752,2.239145,28,27004,2,3,20,1659476340
653147618,Lucien Lanternier - Le Luth,48.93159430558871,2.2889783978462224,27,22303,8,11,5,1659476763
335989765,Rond-Point de la Chapelle,48.895126609314104,2.359971106052399,49,18038,9,7,32,1659476564
417623119,Mairie de quartier du Plateau - Mont-Valérien,48.8799933,2.2072437,20,92001,3,5,11,1659476189
54000632,Paul Vaillant-Couturier - Victor Hugo,48.89819702263572,2.293848017974069,36,23004,2,3,30,1659476606
428088564,La Jarry - Place Diderot,48.849726940367326,2.452013790607453,25,43010,9,7,8,1659476754
365886904,Berthier - Place Stuart Merril,48.885927922355044,2.2933450341224675,37,17107,7,3,27,1659476450
653083263,Lucien Bossoutrot - Général Martial Vallin,48.836956046311,2.2741072252393,39,15057,5,0,33,1659476711
85015750,Pergolèse - Malakoff,48.87521088779225,2.2842781618237495,38,16002,2,5,31,1659476649
27064639,Vaugirard - Pasteur,48.84040868803496,2.3154367133975033,21,15004,2,1,18,1659476469
102722579,Voltaire - Anatole France,48.891999360256904,2.284262739121914,27,23010,2,2,19,1659476522
39151458,Goutte d'or - Barbès,48.88512432362698,2.349696233868599,20,18007,4,3,11,1659476716
213682190,Place Jacques et Thérèse Tréfouël,48.842726498316644,2.3125657439231877,43,15005,1,0,42,1659476374
468354634,Quai de l'Oise - Aisne,48.8906231,2.3833701,30,19128,1,4,22,1659476644
379063990,Place du 14 Juillet,48.8192669595252,2.30119988322258,22,22408,5,5,12,1659476497
221036108,Charonne - Bureau,48.854176,2.396093,47,11017,7,11,29,1659476760
213692227,Square Louise Michel,48.884687354509,2.3441386967897,36,18006,7,3,26,1659476648
75641607,Blaise-Desgoffe - Vaugirard,48.84612887774711,2.324267216026783,32,6027,1,1,29,1659476734
653137566,Mairie de Clamart,48.800612,2.262151,33,21401,1,10,22,1659476545
213674686,Place Jeanne d'Arc,48.829575,2.369126,36,13044,9,15,12,1659476593
38522,Douai - Pierre Fontaine,48.88229101148092,2.33324121683836,25,9027,1,2,18,1659476745
488889101,Bessières - Porte de Clichy,48.89611762451474,2.31790903955698,33,17108,6,4,22,1659476692
653083675,Maréchal Joffre - Verdun,48.85385,2.470307,20,41205,2,6,11,1659476243
266422568,Place Edmond Michelet,48.860134890542,2.3500636965036,23,4020,1,0,21,1659476231
488872892,Emile Zola - Fondary,48.847051143113745,2.2953405976295476,42,15022,34,7,1,1659476733
488800137,Portugais - Kléber,48.8712148,2.2937349,26,16001,0,0,22,1659476473
1057730786,Halles - Bourdonnais,48.860448992575,2.3460162431002,20,1021,3,1,15,1659476751
131094294,Charles Tillon - Cimetière Communal,48.91844023641836,2.3935630917549138,30,33015,5,15,10,1659476740
129016495,Taitbout - La Fayette,48.87332988919973,2.3352625966072087,53,9024,0,0,52,1659476537
1057335613,Quai du Président Roosevelt - Pont Aval,48.8343883676388,2.2656820714473724,30,15311,13,0,17,1659476679
491687415,Delizy - Louis Nadot,48.896212845581346,2.4094578623771667,22,35006,1,6,15,1659476621
39202840,Rochechouart - Martyrs,48.882193779572,2.3405495658517,20,18041,1,3,16,1659476782
653141822,Île de la Jatte,48.894036161302104,2.2666339203715324,23,22015,3,2,13,1659476441
488980540,Saint-Mandé - Fabre d'Eglantine,48.8453579,2.3965022,34,12018,8,1,24,1659476681
54000599,Lemercier - Cardinet,48.890097168851746,2.317377626895905,24,17111,0,5,18,1659476697
1057221951,Balzac - Olympes de Gouges,48.77850332486751,2.4006786569952965,28,44016,19,5,3,1659476721
653137567,Place Saint-Just,48.790379518724265,2.3895226791501045,22,44005,13,6,2,1659476673
54000600,Toqueville - Cardinet,48.88490187110713,2.3109393194317818,33,17119,6,2,25,1659476652
82455731,Cambronne - Villa Croix Nivert,48.845847561366,2.3017574474216,62,15011,12,6,43,1659476765
15212034,Gérando - Rochechouart,48.88294340845,2.3464846238494,21,9004,0,1,19,1659476762
494183852,La Motte-Picquet - La Tour Maubourg,48.8572316,2.3094136,40,7017,23,1,14,1659476777
1057399900,Placette Grégoire Collas,48.94342014002797,2.2487476095557213,25,51002,3,9,13,1659476563
559595472,Suffren - Champ de Mars,48.8547194,2.2952168,23,15071,17,4,2,1659476736
210395439,Centre Georges Pompidou,48.861419,2.352581,26,4021,3,3,18,1659476729
491932748,Porte des Lilas - Faidherbe,48.87861855668978,2.4120327830314636,39,32601,0,4,35,1659476780
1057329581,Square Bela Bartok,48.85120156830401,2.2846536710858345,24,15102,9,5,6,1659476713
1057378487,Fort d'Aubervilliers,48.91502382370325,2.4035281687974925,22,33016,8,9,2,1659476603
1057737444,Place Ginette Hamelin,48.837853,2.382064,51,12026,22,1,28,1659476683
82336035,Saint-Germain - Ciseaux,48.85330527759475,2.334465461882703,18,6012,2,1,15,1659476415
1314450240,Gare du Stade,48.9312676,2.2603778,20,27005,12,5,2,1659476320
2515636592,Mstislav Rostropovitch - Berthier,48.892120821173975,2.309234105050564,18,17123,1,4,13,1659476720
255322397,Auguste Blanqui - Corvisart,48.8300989,2.3502726,26,13009,2,3,21,1659476377
653139063,Pont de Suresnes,48.8674150923217,2.225894667961703,52,21501,13,1,37,1659476586
1057091571,Esplanade du Foncet - Camille Desmoulins,48.827090233494964,2.2606857866048813,28,21319,4,2,20,1659476777
210582231,Londres - Place d'Estienne d'Orves,48.876693805756986,2.3305362090468407,25,9102,2,1,22,1659476768
653087180,Clichy - Douai,48.88411831886975,2.3287287354469304,32,18044,0,3,27,1659476757
312870435,Dunkerque - Trudaine,48.88215166773376,2.3463253676891327,16,9006,3,3,5,1659476273
1057354004,Chemin de Bretagne,48.825147,2.25936,29,21314,5,1,22,1659476754
129106450,Joseph Dijon - Ornano,48.89374453351521,2.3476678133010864,37,18030,7,9,19,1659476644
583171360,Jean Marin Naudin - Stalingrad,48.805713897355,2.3202023282647,30,22202,3,3,23,1659476198
1057405802,Place Nelson Mandela,48.897874318180556,2.2182820737361912,30,92006,0,3,27,1659476690
27414544,Place Monge,48.842761803051,2.3524079471827,21,5024,6,1,13,1659476636
213894629,Square Denise Buisson,48.8562322730982,2.426436245441437,45,31005,3,7,35,1659476518
100923502,Crozatier - Faubourg Saint-Antoine,48.850440013405,2.378901366211,29,12005,1,3,13,1659476727
129059516,Picpus - Louis Braille,48.839988788912,2.4005256685521,44,12038,12,14,18,1659476743
1227051850,Glacière - Soeur Catherine Marie,48.829522989420596,2.343570403754711,40,13516,2,7,30,1659476772
1057748427,Rottembourg - Général Michel Bizot,48.83787825992554,2.4044052511453633,43,12155,23,7,13,1659476771
285001735,Vivienne - Montmartre,48.8713475973833,2.341458834707737,39,2108,0,0,37,1659476761
54000560,Geoffroy - Marie,48.873781940593325,2.344513876337893,20,9011,1,6,11,1659476708
1062742831,Place Joffre - Frédéric le Play,48.853754486938,2.3044242337346,38,7109,25,6,5,1659476746
101017160,Place de Rungis,48.82245594764965,2.347382729482953,32,13025,22,7,2,1659476720
100933541,Vivaldi - Antoine-Julien Hénard,48.841923663276546,2.389728979467376,27,12028,5,0,22,1659476640
36391,Godot de Mauroy - Madeleine,48.869789,2.326347,22,9034,0,1,20,1659476468
100934967,Madagascar - Meuniers,48.83460464474706,2.3970650508999825,33,12035,28,5,0,1659476746
437741660,Saint-Denis - Rivoli,48.85905934084166,2.3476943001151085,43,1003,0,0,43,1659476698
1062783107,Buffon - Jardin des Plantes,48.842668466104875,2.3618587106466293,30,5115,20,3,6,1659476782
15309045,Marché Saint-Quentin,48.877356057652264,2.354511445637388,15,10021,1,0,12,1659476522
653086121,Louis Xavier de Ricard - Ancienne Mairie,48.84629899065091,2.472420372068882,34,41211,4,11,19,1659476446
653139897,Lebrun - Colonel Fabien ,48.78266870733145,2.381317801773548,27,44011,5,8,13,1659476405
476155906,Saint-Antoine Sévigné,48.8550222,2.3612322,26,4010,4,4,15,1659476758
101011685,Charenton - Prague,48.848175129981,2.3763584494312,26,12101,16,4,4,1659476749
27415547,Square Etienne Jarousse,48.82485182597129,2.2925933450460434,25,21707,2,8,15,1659476439
54000543,Cloître Saint-Merri - Renard,48.85883544889818,2.351827919483185,32,4019,11,2,16,1659476757
1015246367,Champs-Elysees - Bassano,48.87181180781605,2.3002389818429947,25,8116,0,0,25,1613934558
284787594,Place d'Italie - Vincent Auriol,48.831481874467,2.3567550292319,40,13010,1,1,37,1659476766
1057765913,Hôpital Necker,48.846043490118454,2.313245013356209,40,15129,8,1,30,1659476553
1062704564,Bourg l'Abbé - Saint-Martin,48.86393331949257,2.352406270802021,42,3102,18,2,20,1659476687
221043930,Bagnolet - Orteaux,48.85708641027236,2.3984125256538396,36,20015,4,19,13,1659476322
1057234527,Gare d'Argenteuil,48.947022436806705,2.256898172199726,40,51001,8,2,28,1659476667
49498164,Mairie du 8ème ,48.877932,2.318264,14,8027,1,2,11,1659476513
76121343,Abbé Groult - Convention,48.83596927866069,2.302064039509349,12,15039,7,4,0,1659476355
1057072168,Jules Guesdes - Général de Gaulle,48.81930581291959,2.278934195637703,24,21315,0,2,22,1659476570
1062685145,Bibliothèque Nationale - Richelieu,48.868288993515,2.3380893096328,17,2112,1,0,14,1659476426
1056715831,Marché Saint-Germain,48.85165625855281,2.335500307381153,21,6022,7,2,12,1659476768
101742129,Cherche-Midi - Hôpital Necker,48.84461063309956,2.317914068698883,38,15006,4,0,34,1659476712
1057360420,Place Aimé Césaire,48.783194713067815,2.2429127991199493,27,21402,0,6,19,1659476456
49117995,Condorcet - Turgot,48.87985155789093,2.345232367515564,20,9007,1,3,14,1659476598
214119792,Gare RER - Malleret-Joinville,48.802936,2.42531,20,41403,7,7,0,1659476779
1057366813,Hôtel de Ville de Sèvres,48.824363561288756,2.2131047397851944,32,23102,16,2,14,1659476768
37504995,Jean Monnet - Iles,48.823393984057304,2.2497073194874866,32,21303,23,1,8,1659476768
131908132,Parc Eli Lotar,48.91844993053703,2.3727085813879967,20,33014,6,3,10,1659476770
27363337,Bréguet - Sabin,48.856931678257,2.3706749462105,33,11033,20,1,8,1659476778
125811629,Leredde - Tolbiac,48.82887629664,2.3744382709265,44,13052,16,4,20,1659476765
102307005,Villiers - Batignolles,48.88125253846116,2.31653843075037,23,17024,0,3,19,1659476699
1057753858,Place Charles Michels,48.846401,2.28502,37,15127,30,3,0,1659476659
452341449,Choisy - Tolbiac,48.82591155587,2.3602393269539,26,13035,0,2,23,1659476549
54000590,Croix Nivert - Square Saint-Lambert,48.8430515215905,2.295200452208519,47,15036,34,8,3,1659476778
6298,Gare du Nord - Saint-Vincent de Paul,48.880955741648,2.3524305148385,24,10033,3,0,17,1659476678
27359295,Benoît Frachon - République,48.85230729014318,2.415605485439301,30,20105,3,1,24,1659476617
58311330,Place des Droits de l'Enfant,48.8274804,2.3319217,24,14011,0,0,24,1659476626
54000587,Mairie du 14ème,48.83254578123,2.3254923149943,32,14032,2,6,24,1659476745
81212212,Jean Jaurès - Jules Jacquemin,48.88433053604843,2.4082902455152104,24,33103,3,2,17,1659476770
653087914,Marne - Charles de Gaulle,48.815071719544434,2.4121668934822087,27,41401,16,8,1,1659476776
41219552,Saint-Benoît - Jacob,48.85545136013941,2.3334722220897675,23,6002,6,1,16,1659476642
101738550,Didot - Place de Moro-Giafferi,48.8337,2.3215,22,14031,8,11,3,1659476555
54000622,Davout - Volga,48.852919679957296,2.410522909779111,28,20044,0,4,24,1659476679
82339935,Porte de la Muette,48.86302317841182,2.2687188170157406,36,16019,0,3,33,1659476199
27414713,Landy - Heurtault,48.915096534520316,2.375951372087002,30,33012,6,2,22,1659476776
54000564,Paradis - Hauteville,48.874999954666755,2.3522757401923404,31,10019,1,3,26,1659476692
13912564,Bruant - Vincent Auriol,48.83484845292942,2.366826499627087,25,13018,7,2,13,1659476557
42907187,Richard Lenoir - Voltaire,48.86164273878,2.3727491497993,25,11011,14,4,2,1659476769
100967498,Stalingrad - Rigollots,48.84997403844251,2.45557576417923,51,41203,9,5,36,1659476693
39149651,Richard Lenoir - Place de la Bastille,48.8538327,2.3697222,53,11001,17,3,31,1659476777
43247025,Jardins d'Eole,48.8869703,2.3668488,20,18039,6,9,0,1659476520
70903158,Raymond Poincaré - Place Victor Hugo,48.870306124369975,2.285074541420228,25,16005,1,0,23,1659476377
37879071,Paul Bodin - Clichy,48.89239614618928,2.317142598330975,34,17009,2,4,28,1659476407
41464928,Sèvres - Lecourbe,48.8447677,2.3110086,62,15008,2,2,56,1659476655
54000619,Porte de Bagnolet,48.864707139122984,2.408344637349607,33,20022,1,0,32,1659476599
38060,Gare Montparnasse - Arrivée,48.843827994314886,2.3225811123847966,43,15001,1,0,42,1659476766
101008598,Reuilly - Place Felix Eboue,48.84030274499962,2.394630398715453,42,12036,2,4,35,1659476692
82332239,Ecoles - Carmes,48.848904447989405,2.3473486304283147,36,5007,16,6,14,1659476719
75525462,Plantes - Moulin Vert,48.83005755305626,2.3232302069664006,45,14026,16,7,21,1659476623
15462861,Crevaux - Bugeaud,48.870809428669546,2.281149007691853,31,16105,5,1,25,1659476754
95845524,Cité Riverin - Château d'Eau,48.870702423554306,2.358739863900845,18,10008,13,2,1,1659476567
38407,Flandrin - Longchamp,48.86877849178477,2.274354539176829,42,16012,4,1,33,1659476519
82554449,Porte Molitor,48.84524763511433,2.2569015249609947,60,16036,23,2,35,1659476654
39535340,Charles Frérot - Albert Guilpin,48.8155839183714,2.3505029082298283,30,42505,21,7,0,1659476760
1062797394,Place de la Madeleine - Royale,48.869228052648,2.324421107769,26,8117,0,3,22,1659476730
54000570,Place de la Nation - Picpus,48.846821681548,2.4001130461693,36,12015,3,0,33,1659476696
1062256852,Maxime Gorki - Louis Aragon,48.78909814728443,2.368387877941132,20,48004,5,1,12,1659476337
1057373549,Gare RER les Grésillons,48.919898633572764,2.31458459136273,22,26004,13,7,0,1659476715
653089942,Poissonniers - Championnet,48.89543299733937,2.3530178144574165,28,18139,3,3,14,1659476651
128841079,Cambon - Rivoli,48.866143390992,2.3251800647137,40,1020,1,1,33,1659476734
220504949,Grande Truanderie - Saint-Denis,48.8626302,2.3498075,33,1006,5,0,26,1659476704
15308712,Jules Vallès - Charonne,48.85428437993525,2.384767457842827,23,11112,9,3,11,1659476661
7295,Chevreuse - Montparnasse,48.841739161230905,2.331552216736739,15,6010,1,0,14,1659476533
27296946,Square Claude Bernard,48.89876016219984,2.375325746834278,30,19110,2,3,23,1659476512
653143563,Henri Ravera - Gabriel Péri,48.79722273833844,2.302115857601166,30,22201,3,7,18,1659475837
443153677,Perle - Vieille du Temple,48.8601346,2.3611206,36,3008,19,7,10,1659476692
265201872,Bourdon - Pont Morland,48.8478103,2.3659356,52,4006,11,3,37,1659476758
66505510,Epée de Bois - Mouffetard,48.841508690388835,2.350066713988781,63,5015,10,2,50,1659476753
66491391,Claude Vellefaux - Hôpital Saint-Louis,48.87285913900304,2.370071706985146,32,10032,7,2,23,1659476470
1062245074,Roger Salengro - Général de Gaulle,48.820029010376956,2.4846760556101803,27,45002,16,5,4,1659476705
201923447,Murat - Porte de Saint-Cloud,48.83750862621299,2.2577651962637906,38,16042,3,3,31,1659476374
9931940126,Diane Arbus,48.898800717199,2.3524022474884987,38,18202,1,4,30,1659476470
1057758764,Cadix - Hameau,48.8340107632249,2.289516180753708,37,15128,29,5,2,1659476747
653144717,Camille Risch - Paul Armangot,48.774703,2.373685,25,44014,2,12,9,1659476557
42275164,Reuilly - Daumesnil,48.8395385,2.3972516,36,12037,11,4,21,1659476509
125623876,Phalsbourg - Villiers,48.88242307900951,2.3090453445911407,20,17019,1,4,14,1659476335
85031184,Molitor - Michel-Ange,48.845182081538034,2.26211277356597,52,16037,5,4,42,1659476768
97824043,Charentonneau - Maisons Alfort,48.809932980484355,2.443288456496946,20,47003,13,3,3,1659476766
66491379,Place des Abbesses,48.884542726149725,2.3386867716908455,12,18004,1,1,10,1659476314
39169029,Sorbier - Ménilmontant,48.86854239566069,2.3897721245884895,24,20034,1,7,15,1659476292
35600927,Mairie du 16ème,48.863936848471994,2.2765953093767166,35,16013,4,0,31,1659476767
100868590,Cité Vaneau,48.8542210666207,2.319614924490452,26,7012,4,2,18,1659476733
54000616,Pyrénées - Avron,48.853246898211985,2.405871044529538,32,20008,1,5,25,1659476777
27364642,Maine - Liancourt,48.835064363954,2.323731449973991,27,14103,2,3,22,1659476250
66491381,Leibniz - Jean Dollfus,48.896328348515986,2.333390423834684,32,18034,6,18,7,1659476478
49094984,Herschel - Observatoire,48.84342376221923,2.3376645147800446,37,6104,0,0,36,1659476468
77773,Gare de Reuilly - Picpus,48.84267354116789,2.3972943797707558,28,12019,1,8,16,1659476347
15463487,Pergolèse - Marbeau,48.87356870686902,2.281512522529856,27,16102,2,2,21,1659476536
52518,Louis Lumière.,48.86216198070008,2.41112578185621,22,20104,1,2,19,1659476565
1062874070,Jourdan - Cité Universitaire,48.819897343156676,2.3397007964124366,39,14135,1,3,35,1659476721
82574198,Mairie d'Issy,48.8237677924683,2.27231115102768,41,21309,34,5,1,1659476675
30730,Place de la Nation - Charonne,48.848364667777,2.3997623859813,36,20001,2,1,33,1659476355
27415389,Gambetta - Père Lachaise,48.864295696165875,2.398228667282044,29,20024,1,19,8,1659476575
1062802530,Niger - Soult,48.84369906369085,2.410361237220498,24,12156,8,2,12,1659476769
653091206,Porte de Clignancourt - Ney,48.899641123987095,2.344321422278881,40,18140,5,6,28,1659476622
653042678,Quai de Béthune - Pont de la Tournelle,48.85097433194032,2.356307208538055,25,4108,17,0,4,1659476686
75345531,Turbigo - Française,48.86358858111446,2.3477794602513313,16,1007,3,1,11,1659476764
66505516,Cordelières - Arago,48.83548071896613,2.348572461702221,46,13005,23,8,13,1659476661
49341735,Centquatre,48.88933353845543,2.3707854375243187,42,19002,5,8,27,1659476379
15309674,Square Montholon,48.876620377545024,2.3457641154527664,21,9009,3,0,18,1659476697
66491367,Beaubourg - Michel-le-Comte,48.862534941805855,2.354310303926468,17,3010,5,0,10,1659476721
129023855,Parme - Clichy,48.88126642422664,2.328197093450571,24,9037,0,3,21,1659476332
54000554,Gare Saint-Lazare - Stockholm,48.877127316667654,2.322417162358761,32,8110,2,1,28,1659476686
27414902,Louis Blanc - La Chapelle,48.884008964514,2.3599335551262,21,10034,6,12,1,1659476711
2515672078,Petit - Georges Thill,48.88603131999171,2.3895753175020222,23,19201,5,8,10,1659476676
35317080,Emile Reynaud - Porte de la Villette ,48.90098953630053,2.3887022584676743,22,19010,5,12,5,1659476763
653146273,Chausson - Gabriel Péri,48.921891003481115,2.2952306270599365,22,22301,15,5,0,1659476764
1062882947,Bargue -  Dutot,48.837884,2.308876,21,15132,8,10,3,1659476615
653091677,Place de l'Europe - Alfortville,48.78913702405837,2.4284800887107854,24,41405,7,8,5,1659476774
35472299,Pyrénées - Plaine,48.85026702458,2.4062821269035,12,20006,0,8,4,1659476456
27415179,Sarrette - Général Leclerc,48.825030852925,2.3264128693982,22,14019,0,0,22,1659476679
1805255023,Sèvres - Général Leclerc,48.83012155905476,2.231426239013672,30,21026,2,0,27,1659476615
66489651,Louis le Grand - Italiens,48.870508937203915,2.334054461939329,33,2015,0,1,30,1659476617
1057207064,Saint-Denis - Université,48.94563430946964,2.3638297989964485,24,32013,18,6,0,1659476726
39626277,Lacuée - Lyon,48.849268481958404,2.370458543300628,16,12002,2,0,13,1659476748
128932790,Arsène Houssaye - Champs-Elysées,48.873409276267,2.2977904602885,29,8028,2,1,24,1659476569
1062982815,Gare de Bellevue,48.8192404685572,2.2295309230685234,20,21953,0,3,17,1659476752
128890772,Bosquet - Saint-Dominique,48.85865170952645,2.303716580234576,28,7021,20,3,4,1659476728
266963426,Beaumarchais - Saint-Gilles,48.8580378,2.3679352,51,3001,31,1,17,1659476730
7268,Charenton - Jardiniers,48.833821772922654,2.394692664106047,31,12112,11,8,12,1659476662
1237624420,Maurice d'Ocagne - General Maudhuy,48.82414282524159,2.3158789426088333,30,14137,1,5,24,1659476621
213687475,Traktir - Foch,48.872755334614,2.2915497802487,22,16103,1,1,20,1659476512
129152818,Place de la Fraternité,48.85716405838368,2.422847449779511,22,31709,1,5,15,1659476691
27313492,Petites Ecuries - Faubourg Saint-Denis,48.87287120589831,2.3542150855064397,28,10006,1,1,23,1659476760
338824395,Bourse du Travail,48.868976638825686,2.362343855202198,17,10011,3,0,14,1659476534
100760396,Turbigo - Réaumur,48.86557404753054,2.3564198613166814,31,3011,2,3,25,1659476734
210585225,Dunkerque - Alsace,48.879355,2.358379,20,10027,1,9,7,1659476725
82396562,Mairie du 10ème,48.872089449907,2.3575825989246,19,10009,3,7,8,1659476717
312165511,Faubourg Du Temple - Republique,48.867872484749,2.3648982158072,38,11037,0,5,32,1659476735
262607058,Charles de Gaulle - Plateau de Vanves,48.82233088973263,2.298571803412886,33,22401,0,4,29,1659476695
1074095810,Maurice Payret-Dortail,48.87811957063342,2.2233625128865246,22,21506,0,3,19,1659476774
128880156,Archives - Rivoli,48.857346707443455,2.3539767041802406,25,4103,5,2,14,1659476745
27415411,Frères Flavien - Porte des Lilas,48.8780992764359,2.41104629853209,23,20029,0,2,21,1659476781
210387163,Saint-Denis - Réaumur,48.8661116315789,2.3507790675507594,32,2003,1,0,29,1659476737
653150828,Joffre - Aigle,48.904033,2.245096,20,22503,5,3,10,1659476716
443654970,Française - Etienne Marcel,48.864053304653766,2.347587011754513,37,1102,10,1,25,1659476764
1063971944,Saint-Michel - Luxembourg,48.84501507626,2.3394941166043,29,5122,1,0,28,1659476614
15153595,Nationale - Vincent Auriol,48.83252708397293,2.362354410392119,33,13017,0,1,31,1659476743
54000465,Etienne Marcel - Montorgueil,48.86450567259199,2.3461959511041637,28,2002,2,0,26,1659476711
471094898,Olivier de Serres - Leriche,48.83460221715206,2.2957482933998112,25,15111,16,8,1,1659476587
66499894,Sainte-Elisabeth - Turbigo,48.86610337431042,2.359649240970612,33,3005,10,2,17,1659476594
100759356,Montmartre - Etienne Marcel,48.865021945810085,2.345068440144759,16,2005,0,0,16,1659476694
1062911162,Solitaires - Place des Fêtes,48.876601,2.391769,29,19129,0,4,24,1659476530
42341698,Cléry - Montmartre,48.867458,2.3445211,44,2021,1,0,42,1659476276
653187900,Adolphe Lalyre - Armand Silvestre,48.90406266961591,2.273416221141815,40,24006,5,10,24,1659476651
128874528,Temple - Haudriettes,48.861636880211584,2.356696020645806,19,3009,9,5,5,1659476599
1062827573,Bézout - Général Leclerc,48.82884804502439,2.3285973072052,30,14132,8,2,20,1659476774
54000542,Blancs-Manteaux - Archives,48.85941800703,2.3559471219778,29,4014,11,3,14,1659476758
1074187051,Hôtel de Ville d'Asnières sur Seine,48.90999330025577,2.288238108158112,30,26005,10,14,2,1659476750
331153695,Square Emile - Chautemps,48.867433724231,2.3536357283592,25,3012,1,1,22,1659476374
1074142878,Hôtel de Ville de Chaville,48.80887149094033,2.188134044408798,20,23702,3,12,2,1659476389
11874261013,Place du 17 Octobre,48.91962690034779,2.2978286134199792,20,22306,11,7,1,1659476621
213680246,Didot - Mariniers,48.82650543613106,2.313136198271666,35,14022,1,1,31,1659476708
1064000778,Gare d'Austerlitz - Pont Charles de Gaulle,48.842319830109304,2.3670300096273422,55,13125,0,1,54,1659476384
1074060095,Lally-Tollendal - Armand Carrel,48.88270066221072,2.374717555940151,28,19012,1,1,26,1659476671
1057290902,Cours de Vincennes - Soult,48.846918761569,2.4105220288038,45,12020,0,0,42,1659476731
80419347,Lagny - Auguste Blanqui,48.84922568052601,2.4218603968620305,27,31001,4,2,19,1659476782
1063000561,Gardenat-Lapostol - Velettes,48.87387,2.224185,20,21507,0,2,18,1659476352
213680553,Adolphe Pinard - Victor Hugo,48.8236825874564,2.3077843710780144,52,14023,4,10,37,1659476634
1063012692,Kléber - National,48.906333898712234,2.2393910586833954,20,22502,0,0,20,1659476305
54000538,Mairie du 3ème,48.86446178139141,2.361762821674347,32,3006,9,0,22,1659476769
82499609,Convention - Lourmel,48.84205504165568,2.2859910875558853,36,15062,27,3,4,1659476754
1064008882,Poulet - Barbès,48.887148,2.349064,20,18136,4,9,5,1659476677
653152142,Château - République,48.905928,2.253629,20,22504,7,1,12,1659476717
129029327,Victoire - Laffitte,48.87514373494672,2.338118505144376,20,9111,0,0,19,1659476563
1063429705,Eugène Varlin - Place de la Paix,48.792862,2.363093,23,48005,1,4,16,1659476760
478250062,Rivoli - Musée du Louvre,48.86364636851945,2.33409583568573,24,1014,0,2,22,1659476544
1062833975,Froidevaux - Boulard,48.83514731962543,2.3294411972165108,35,14133,2,0,33,1659476757
11908510683,Séminaire de Conflans - Liberté,48.823194,2.404179,26,42211,6,20,0,1659476757
2515756572,Verdier - Jean Jaurès,48.81614048711214,2.3123561963438988,33,21215,6,6,21,1659476671
1063410400,Alouettes - Maréchal de Lattre de Tassigny,48.85511009293948,2.4930700287222862,22,41208,2,1,19,1659476498
80298493,Mairie du Kremlin-Bicêtre,48.81191981537702,2.3570189997553825,25,42704,1,7,17,1659476331
98132679,Jean Bleuzen - Square du 11 Novembre,48.8232579,2.2965213,49,21706,0,2,47,1659476297
96608796,Fille du Calvaire - Turenne,48.86210505412563,2.3649600148200993,29,3003,14,1,14,1659476761
58391194,Tiron - Rivoli ,48.85569225323279,2.357905805110932,28,4012,7,1,15,1659476667
1396728955,Bastille - Beaumarchais,48.853833463852,2.3685702681541,23,4101,10,2,5,1659476774
128878135,Village Saint-Paul,48.852639866624806,2.3607301712036137,28,4009,3,1,22,1659476764
48800374,Place de l'Hôtel de Ville,48.8573314,2.351458,14,4017,0,0,14,1658089182
1063044618,Bas - Gabriel Péri,48.91585580539625,2.2948095202445984,30,26006,8,15,2,1659476731
1063421211,Barbès - Monique Maunoury,48.81552718820216,2.3687169334905405,40,42026,1,18,21,1659476727
569583918,Choiseul - Quatre Septembre ,48.8699355331869,2.3359975218772893,44,2012,0,2,41,1659476256
129083553,Porte de Saint Cloud - Parc des Princes,48.83866275706582,2.2525164484977727,32,16044,11,3,16,1659476753
1074204954,Quai Jules Guesde - Saint-Simon,48.80391487218989,2.408966162027371,30,44001,14,14,1,1659476740
100767550,Mairie du 4ème,48.85594991049653,2.3563823103904724,44,4015,22,1,15,1659476780
1074333296,Hippodrome Paris-Vincennes,48.82048387758518,2.446271181106568,42,12163,6,1,32,1659476457
11908496227,Gardenat Lapostol - Franklin Roosevelt,48.871839,2.222505,24,21509,0,0,24,1659476232
54000537,Saint-Gilles - Turenne,48.85815895677863,2.364714992099186,18,3002,9,3,5,1659476689
653094517,Cesaria Evora - Rosa Parks,48.89717672825043,2.3745173960924144,40,19111,2,8,29,1659476739
1063984816,Gare du Nord - La Chapelle,48.884178287286,2.3561057075858,18,10041,1,1,15,1659476511
442739463,Place de la République - Temple,48.867211201859,2.3635464370545,18,3004,2,2,12,1659476731
380891087,Place de la Bastille - Bourdon,48.852364355271,2.3681089282036,35,4007,11,3,19,1659476723
49423507,Pau Casals - Neuve Tolbiac,48.8311602,2.3774395,53,13054,2,0,50,1659476719
128834707,Jean-Jacques Rousseau - Deux Ecus,48.86297805972131,2.3414635285735126,22,1012,0,0,21,1659476336
78374110,Square Pierre Lazareff,48.867141720745806,2.348393350839615,17,2004,2,0,13,1659476358
653097126,Place Paul Delouvrier,48.89197621431365,2.3851288855075836,26,19130,10,7,9,1659476750
391845823,Candale - Mehul,48.8893935006175,2.414379715919495,25,35012,0,8,17,1659476670
15433394,Custine - Ramey,48.888735896947,2.3469526693225,41,18015,5,32,3,1659476750
653140345,Édouard Vaillant - Place Jean Jaurès,48.86265537999924,2.2089037319128613,24,21505,0,3,21,1659476595
15290700,Aboukir - Alexandrie,48.86868344444473,2.3502043269474897,21,2016,6,0,12,1659476703
276989966,Oratoire - Rivoli,48.861342760889,2.3400047421455,18,1025,2,0,15,1659476670
2515885093,Waldeck Rochet - Germaine Tillon,48.91105960199651,2.3676301538944244,31,33020,8,15,8,1659476568
54001189,Chaussée d'Antin - Haussmann,48.87243,2.33359,24,9039,0,0,24,1659476608
653153519,Gare des Vallées,48.913179,2.257726,20,22506,10,9,0,1659476569
39887632,Choisy - Malmaisons,48.821919702956144,2.3633468834070914,25,13038,9,5,9,1659476492
581480367,Fabre d'Eglantine - Place de la Nation,48.8471116,2.3956204,68,12157,0,0,67,1659476639
6293,Mairie du 2ème,48.8672190355135,2.3404625437747044,28,2008,1,1,25,1659476686
653072212,Place du 8 mai 1945,48.938882272105374,2.3566243797540665,30,32019,8,9,9,1659476775
128843085,Place du Lieutenant Henri Karcher,48.863490871724466,2.3400671035051346,30,1026,0,1,28,1659476675
1063027377,Grande Rue - Europe,48.8218104687602,2.205879874527455,25,23101,1,3,21,1659476291
653085678,Berthier - Porte de Clichy,48.894222687781095,2.3125872006815977,24,17106,6,1,16,1659476621
6352,Saint-Bon - Rivoli,48.857999643315,2.3502172809763,19,4018,7,0,11,1659476484
120564786,Filles Saint-Thomas - Place de la Bourse,48.86889989085307,2.3397543845203477,58,2009,1,2,55,1659476538
6245,Ventadour - Opéra,48.866810653323,2.334388448251871,27,1116,1,1,24,1659476428
1063053136,Square Victor Basch,48.91430486226092,2.2289156913757324,20,27001,3,2,15,1659476701
210386007,Alger - Rivoli,48.864773553495,2.3294493936128,21,1018,2,0,16,1659476354
27414358,Saint-Honoré - 29 juillet,48.86557114282421,2.330567417577153,20,1017,0,2,12,1659476766
101751231,Saint-Amand - Labrouste,48.834097274832295,2.3087677359581,36,15040,15,18,3,1659476704
1074339090,Stade Pershing,48.829107826857424,2.458353526890278,26,12164,2,3,21,1659476534
1062844489,Château - Place de Catalogne,48.836805542262134,2.3185293003916745,33,14134,1,2,30,1659476429
54000596,Jouffroy d'Abbans - Villiers,48.88421554703737,2.3056533560156827,34,17021,2,2,30,1659476592
39169877,Saint-Placide - Cherche Midi,48.8490535919234,2.325317971408367,66,6026,1,1,64,1659476379
653155159,Marx Dormoy - Château Sainte-Barbe,48.791782341055324,2.297856844961643,22,22601,2,5,15,1659476548
653099465,Amédée Huon - Fort d'Ivry,48.805131376899986,2.388489693403244,31,42018,4,10,17,1659476723
323468705,Saint-Honoré - Musée du Louvre,48.86344313284792,2.3348781846405102,22,1023,3,6,10,1659476645
1810975577,Guy Môquet - Parvis Georges Marchais,48.79518840095975,2.35943466424942,30,48008,14,8,7,1659476530
2705356759,Jean Jaurès - Paul Lafargue,48.88493317766629,2.248448878526687,28,28005,4,2,21,1659476672
35380305,Le Goff - Gay-Lussac,48.8461024009786,2.3412207886576653,35,5003,3,0,32,1659476724
100790494,Bréa - Raspail,48.842738478257814,2.329794221763396,24,6007,0,0,24,1659476708
653040243,Archives - Pastourelle,48.8623615,2.3595041,28,3007,8,3,16,1659476726
1063061372,Résistance - Parmentier,48.85965138131299,2.436705082654953,35,31020,2,0,33,1659476549
2705290225,Suresnes - Muette à Neuilly,48.86857040434825,2.266000919044018,30,16139,2,3,23,1659476718
214019379,Quai de l'Aisne - Général Leclerc,48.895713,2.400571,27,35005,4,8,15,1659476576
82574979,Arthur Ranc - Hôpital Bichat,48.8978712500682,2.333521842956543,26,18112,10,10,3,1659476642
1599896463,Magenta - Chabrol,48.876495350882045,2.3560990020632744,24,10201,13,3,5,1659476708
1987547083,Parc Départemental des Hautes-Bruyères,48.793457901398945,2.3509012162685394,30,48007,9,9,12,1659476703
2705338817,Victor Hugo - Gare,48.92313395265796,2.2600970417261124,22,27006,5,11,2,1659476364
1074410417,Verdun - Carnot,48.808439376064946,2.373795211315155,28,42028,5,18,2,1659476779
1074352578,Parc Floral du Bel Air,48.839285711865735,2.438560165464878,25,12166,1,1,23,1659476543
653156540,Place de la Division Leclerc,48.793824988636516,2.2731140430551027,35,22603,0,3,32,1659476421
54000573,Cardinal Lavigerie,48.832934193699835,2.402636749399156,46,12113,34,9,2,1659476773
653031913,Réaumur - Montmartre,48.868230999759,2.3438260338876,19,2109,0,0,18,1659476615
210328645,Place André Malraux,48.863925158727,2.3356226831675,19,1015,0,0,19,1659476645
99886640,Place des Victoires,48.8660354,2.3420333,24,2006,0,2,21,1659476739
129080400,Belles Feuilles - Place de Mexico,48.865804746474,2.2829206287861,23,16010,9,2,12,1659476523
1981490798,Belfort - Victor Hugo,48.9018492,2.3172724,24,21119,3,10,10,1659476726
66491366,Saint-Marc - Feydeau,48.870310661422,2.3419791832566,37,2102,0,0,37,1659476372
6297,Victor Massé - Jean-Baptiste Pigalle,48.88110437240003,2.3366955667734146,18,9019,1,0,17,1659476593
1074428106,André Theuriet - Blagis,48.77977325745441,2.3130525648593903,30,23042,13,1,16,1659476767
653102462,Lampes,48.81152481985875,2.4017931148409843,43,42019,28,13,1,1659476687
53999465,Place du Palais Royal,48.862382970647,2.3384822532535,67,1013,0,0,67,1659476591
1057210479,Jules Guesdes - Carnot,48.93828169931872,2.3508992046117783,16,32020,3,6,2,1659476610
27414527,Danielle Casanova - Opéra,48.867643242297284,2.3333894088864326,20,2020,1,0,17,1659476276
653092274,Porte de Pantin.,48.889199725577164,2.3950181901454926,33,19046,0,1,32,1659476363
208603342,Coquillière - Louvre,48.86379590966231,2.3425736278295517,21,1024,0,1,20,1659476777
311153993,Les Halles - Saint-Eustache,48.86362695901683,2.342623919248581,32,1008,0,0,31,1659476777
632086890,Place de l'Eglise - Vitry-sur-Seine,48.791922819921815,2.395057752728462,28,44004,18,6,1,1659476777
653104215,Sorbier - Gasnier-Guy,48.86521763101122,2.39365965127945,34,20010,1,5,28,1659476465
54000557,Simon Bolivar - Henri Turot,48.876887,2.374454,22,19118,4,10,6,1659476721
653110858,Silly - Louis Blériot,48.83219045374266,2.2340199351310734,23,21011,6,0,17,1659476683
653159330,Quai de Sèvres - Manufacture Nationale,48.828688,2.22499,28,23104,6,3,19,1659476636
49424560,Saint-Mande - Picpus,48.845127728278,2.4015686296482,35,12016,7,3,24,1659476763
653165196,Les Blagis,48.785205,2.302526,27,23301,19,3,4,1659476376
1074390359,Youri Gagarine - Commune de Paris,48.78242746304141,2.3939734697341923,33,44008,13,13,6,1659476750
2002864789,Strasbourg - Saint-Denis,48.869601642433,2.3542908579111,16,10166,1,1,12,1659476583
11146714746,Blanqui - Docteur Bauer,48.90773548908503,2.3407192814591364,28,34013,8,6,12,1659476463
11146696292,Victor Hugo - Paul Eluard,48.819602554906844,2.4114319673050937,32,42210,24,7,1,1659476594
653107480,Paganini - Davout,48.85135,2.412021,22,20140,2,4,16,1659476781
1988517250,Stalingrad - Henri Luisette,48.78363092456589,2.366935946761926,26,48012,7,9,7,1659476588
74864208,Bagnolet - Place Saint-Blaise,48.85973,2.40334,28,20048,5,3,20,1659476740
653166892,Gare de Robinson,48.7799259211605,2.281828634440899,30,23303,4,21,3,1659476652
653106960,Gare RER - Maurice Grandcoing,48.813881,2.392429,37,42022,20,5,12,1659476728
82468690,Dutot - Place Alleray,48.836826091766,2.3071701095578,56,15018,11,9,35,1659476693
54000536,Saint-Fiacre - Poissonière,48.87082891155797,2.3459213599562645,35,2022,0,1,32,1659476716
39565873,Jouffroy d'Abbans - Malesherbes,48.8850134,2.3070717,27,17020,2,2,23,1659476559
1074398925,République - Louis Loucheur,48.823549261189,2.5101865455508,37,45004,7,26,4,1659476434
12225158518,Henri Barbusse - Gabriel Péri,48.80177379583565,2.2874166362216375,27,23202,2,5,18,1659476738
12225289563,Béranger - Félix Faure,48.80404828621485,2.2848263373723436,28,23206,1,5,21,1659476760
567884788,Vincent Auriol - Louise Weiss,48.834001935501,2.3703888058662,22,13049,3,2,16,1659476580
99950133,André Mazet - Saint-André des Arts,48.85375581057431,2.3390958085656166,55,6015,13,2,37,1659476669
549480297,Halle Freyssinet - Parvis Alan Turing,48.832846814471,2.3711421713233,23,13051,1,1,20,1659476568
12196660096,Bichat - Grange aux Belles,48.873688,2.365015,30,10202,6,2,18,1659476750
653175838,Gare de Chaville Rive Gauche,48.80516030434533,2.188277207314968,18,23703,0,8,9,1659476620
84960402,Gobelins - Port-Royal,48.83713590026284,2.3515201359987254,40,5027,30,1,7,1659476781
2515701705,Mûriers - Père Lachaise,48.864130509668044,2.39164982067019,20,20142,1,4,15,1659476750
15550433574,Martyrs de Châteaubriant - Jean Grandel,48.951432,2.211214,38,51008,0,14,24,1659476755
11218473640,Bons Raisins - Voltaire,48.87282451461399,2.1947155570850896,24,25007,2,11,10,1659476525
653110492,Danielle Casanova - Ledru-Rollin,48.815783497876815,2.383259721100331,28,42024,22,5,0,1659476732
102339791,Place du Maréchal de Lattre de Tassigny,48.821707715257055,2.2853431485432423,27,21704,7,4,16,1659476746
52474,Belleville -  Pré Saint-Gervais,48.875565910073,2.3930460959673,21,19121,1,5,15,1659476759
486750405,Ney - Porte de Montmartre,48.897918,2.3364872,24,18135,1,6,16,1659476753
10773448319,Clef des Champs - Albert Dhalenne,48.914938,2.330665,28,34011,7,10,6,1659476770
11438171152,Place Charles de Gaulle,48.82654572003984,2.189258873608822,24,24101,1,19,0,1659476730
653046369,Carrefour Pleyel,48.92034156960326,2.3438543826341625,35,32012,2,4,27,1659476700
125370566,Manin - Secrétan,48.8791665,2.3787959,20,19114,2,6,12,1659476468
66491396,Château de Vincennes,48.84423193255657,2.439209537709179,52,12123,3,4,44,1659476781
102328355,Place Denfert-Rochereau,48.843252536286684,2.245987951755524,20,21002,5,7,7,1659476737
76352106,Saint-Augustin,48.8762009747008,2.319786250591278,31,8018,3,1,26,1659476708
653180903,Paix - Verdun,48.900504,2.261173,35,24004,2,3,27,1659476746
101015227,Chevaleret - Louise Weiss,48.83258651335057,2.371211388119954,35,13015,27,2,6,1659476759
74805344,Pierre Charron - Champs-Elysées,48.870103359864,2.3043501377106,32,8040,0,1,26,1659476217
78124875,Mathis - Flandre,48.8906429898976,2.3762554675340652,55,19006,10,14,28,1659476737
54000578,Bobillot - Tolbiac,48.8255961335041,2.350204177200794,33,13024,6,12,14,1659476771
102724418,Général Leclerc - Bièvre,48.782414428747316,2.3166695237159733,25,23041,18,2,5,1659476655
102287315,Félix Faure - Convention,48.841249336041045,2.288386600849503,44,15069,29,7,6,1659476675
42950428,Place du Docteur Yersin,48.82010494991975,2.3725583776831627,50,13116,5,16,27,1659476732
100921894,Léon Frot - Charonne,48.854963800335234,2.387217085372007,19,11111,12,2,3,1659476773
82429586,Duméril - Jeanne d'Arc,48.83815160808658,2.357108449556404,40,13006,27,5,6,1659438240
37995,Dom-Pérignon - Gravelle,48.82548157443457,2.4098803102970128,50,12119,13,11,25,1659476749
653193536,Maxime Gorki - Paul Vaillant-Couturier,48.79673508795443,2.3683342337608337,20,48006,2,4,14,1659476654
54000589,Cambronne - Mademoiselle,48.843277330035214,2.30230766886348,67,15012,38,1,26,1659476776
74692052,Francoeur - Caulaincourt,48.8899944409612,2.342529706656933,34,18016,0,3,26,1659476751
35080917,Euryale Dehaynin - Loire,48.886248917304805,2.3774591088294987,30,19117,0,1,27,1659476701
89553051,Pyrénées - Cours de Vincennes,48.847796779935,2.4061721563339,21,20003,3,0,18,1659476665
11218807773,Hôtel de Ville de Saint-Ouen,48.91138018578648,2.334007680760051,48,34010,34,11,0,1659476730
101759167,Lecourbe - Convention,48.83923319241899,2.2915197908878326,46,15053,27,17,1,1659476613
37420,Hauteville - Bonne Nouvelle,48.87077436024043,2.349649636832728,17,10003,2,0,13,1659476668
27363058,Suffren - La Motte-Piquet,48.85088123091874,2.301219999790192,23,15024,13,4,3,1659476723
66491390,Taitbout - Châteaudun,48.876383969379,2.335356677933531,39,9025,1,1,35,1659476672
49791363,Balzac - Champs Elysées,48.872699639621,2.3001953959465,30,8052,1,0,28,1659476459
653114003,Dôme - République,48.832681,2.250257,25,21022,15,2,8,1659476750
27363206,Riquet - Marx Dormoy,48.89021003702031,2.3601756244897842,29,18010,16,9,3,1659476757
54000591,Franquet - Labrouste,48.83287705011431,2.306762784719467,37,15041,7,12,18,1659476776
7402,Roquette - Auguste Laurent,48.858001906023354,2.381797702650783,16,11022,13,2,1,1659476746
75352635,Place de la vache noire,48.81040517059777,2.327060401439667,25,41103,6,14,4,1659476742
16206842336,Moscou - Edouard Vaillant,48.90755810177,2.4689837335263,0,30003,0,0,0,1628239218
34836174,Place Charles Digeon,48.84354203133597,2.418427169322968,32,41602,11,10,9,1659476338
6354,Gouthière - Poterne des Peupliers,48.820507,2.351342,33,13028,14,4,13,1659476755
101022698,Olympiades,48.826764665199,2.3650860786438,36,13036,10,13,12,1659476752
27415194,Gergovie - Alésia,48.83088717455243,2.318882101207347,36,14027,4,12,20,1659476696
54000624,Gambetta - Tourelles,48.87533790226418,2.4059921130537987,20,20110,0,6,14,1659476734
653114443,Place Eustache Deschamps,48.793855,2.336637,20,42303,16,3,0,1659476410
74635382,Place de la Nation - Taillebourg,48.8488408,2.3973043,47,11014,0,2,34,1659476758
653190196,LCL Campus - Place Oscar Niemeyer,48.805342480621576,2.363983690738678,37,48002,8,20,9,1659476751
27363156,Général De Gaulle - Vivien,48.83607420090204,2.4189166724681854,22,41605,5,6,8,1659476703
16206691682,Hispano Suiza - Parc des Bruyères,48.915885074177,2.2682306702811,0,22701,0,0,0,1628171945
39776330,Buzenval - Vignoles,48.85385817168762,2.400004081428051,17,20012,3,2,12,1659476483
54000594,Edouard Pailleron - Bouret,48.880597694070524,2.3769494891166687,27,19119,0,1,26,1659476310
66491373,Pierre Joseph Desault,48.82110230800372,2.378775402903557,19,13120,12,5,2,1659476737
66491409,Guillaume Tell - Parc Henri Barbusse,48.88958925894009,2.4198862910270695,20,35013,1,6,13,1659476702
82583924,Pyrénées - Charles Renouvier,48.86095933229224,2.400421852042113,29,20020,0,5,24,1659476566
124183944,Hector Malot - Daumesnil,48.84693552991762,2.3770876228809357,54,12008,6,1,46,1659476544
27363389,Bercy - Traversiére,48.846192642574,2.3703800886869,30,12102,0,1,27,1659476781
653184632,Edith Cavell - Volta,48.901616564286975,2.269354350864887,33,24005,8,5,20,1659476750
102751453,Hôtel de Ville de Vincennes,48.84827609706963,2.4398955702781677,27,43007,14,4,9,1659476742
35263507,Port Royal - Hôpital Cochin,48.838373233813286,2.340717874467373,23,14004,0,1,22,1659476776
58086242,Square des Amandiers,48.86615630668046,2.3891324177384377,12,20032,2,4,6,1659476637
82440673,Maine - Jean Zay,48.837925263897674,2.3225428909063344,50,14035,0,1,48,1659476581
27399547,Dominique Pado - Croix Nivert,48.83648798164934,2.2897250577807426,22,15050,16,5,1,1659476589
54000610,Jean de la Fontaine - Boulainvilliers,48.85264791461651,2.2758664190769196,68,16025,31,5,30,1659476756
13356269,Assas - Rennes,48.8492084999386,2.32851454623001,32,6025,1,1,29,1659476581
54000583,Tombe Issoire - René Coty,48.83051287670899,2.3343613743782043,36,14009,10,1,24,1659476781
63279,Siam - La Pompe,48.861720329027264,2.275346568555312,16,16017,1,3,12,1659476632
125918662,Marcadet - Ramey,48.890875,2.3449019,21,18021,6,14,0,1659476703
15163771,George Sand - Jean de La Fontaine,48.84986918764119,2.268257387525699,29,16116,23,5,1,1659476707
117480156,Enfants du Paradis - Peupliers,48.833122686454,2.2571459412575,40,21021,0,0,40,1659476241
82571023,Alexandre Dumas - Place de la Réunion,48.85533710742046,2.3997703687646292,45,20013,3,2,40,1659476617
100893610,Bourdonnais - Tour Eiffel,48.860897797941,2.295599598447,60,7023,24,2,32,1659476716
27363205,Porte de la Plaine,48.82805169605981,2.2924277186393742,35,15045,3,6,24,1659476673
653197206,Marcel Pourtout - Édouard Manet ,48.87555620763429,2.1655967831611638,24,25004,15,0,3,1659476681
27415256,Sahel - Général Michel Bizot,48.840872964793355,2.4044444784522057,33,12022,10,14,9,1659476674
82335295,Saint-Séverin - Saint-Michel,48.852731305488,2.3440927639604,30,5033,7,6,17,1659476762
6497,Duhamel - André Gide,48.8365662244334,2.312707121097412,20,15027,0,4,16,1659476628
653118283,Ancienne Mairie - André Morizet,48.838311,2.234077,25,21023,6,1,18,1659476612
124167835,Lavoisier - Missak Manouchian,48.86286468896063,2.495676465332508,18,31105,4,8,6,1659476740
66491384,Place Aristide Briand,48.82189236575831,2.413003742694855,35,42205,23,9,0,1659476669
74858883,Pereire - Saussure,48.88822907547811,2.310129627585411,32,17117,6,2,22,1659476651
102748267,Montreuil - République,48.85026349463687,2.4345204234123234,25,43004,10,2,13,1659476749
28233012,Marceau - Président Wilson,48.8652359,2.3002513,32,8046,2,2,22,1659476540
27415371,Charonne - Alexandre Dumas,48.85607741505607,2.394869327545166,35,20014,6,7,22,1659476654
49829553,Legendre - Nollet,48.887742186754224,2.320293079881375,30,17110,2,3,22,1659476773
128884445,Constantine - Université,48.860680473738334,2.314848195584221,65,7010,0,0,62,1659476515
37848502,Pierre Brossolette - 12 Février 1934,48.8176962416867,2.3076123744249344,25,22404,6,7,12,1659476623
54000552,Rome - Provence,48.874230055580306,2.325570111724113,30,8007,1,0,28,1659476647
102752610,Mairie de Bagnolet,48.868421318555306,2.417958788573742,28,31701,3,6,19,1659476729
101488317,René Coty - Place Denfert-Rochereau,48.833056477316,2.3329411447048,36,14005,0,2,33,1659476748
66491382,Guy Môquet - Compoint,48.89213559044868,2.32321947813034,36,17006,17,4,13,1659476738
124176568,Rampal - Belleville,48.87302160156,2.3799109831452,17,19102,0,8,8,1659476596
39882420,Championnet.,48.8953643,2.3498166,22,18101,11,9,2,1659476774
27415360,Reynaldo Hahn - Lagny,48.849266043601794,2.412330328844772,19,20005,1,3,14,1659476494
82588494,Verdier - République,48.81540376627718,2.3173937201499943,29,21207,4,5,18,1659476632
125542925,Louis Blanc - Aqueduc,48.88203018259946,2.3635615780949593,37,10031,9,12,14,1659476763
54000547,Quatre Vents - Carrefour de l'Odéon,48.851751374458864,2.338161695134053,37,6028,10,1,25,1659476768
82425449,Bois de Vincennes - Polygone,48.83544491617421,2.431421081436563,51,12122,2,2,46,1659476577
7234,Colonel Pierre Avia,48.8296843300915,2.275342586850291,29,15120,8,3,18,1659476591
85160045,Arthur Auger - Jean Jaurès,48.813736445585235,2.3069277405738835,26,21205,3,4,19,1659476251
35816213,Passy - Place du Costa Rica,48.8584893,2.2839655,33,16023,3,1,28,1659476729
82408364,Guillaume Bertrand - République,48.86382517434147,2.38090637715497,38,11028,9,12,17,1659476782
653190279,Jean-Baptiste Charcot - Sainte-Geneviève,48.90310883721567,2.278892956674099,21,24007,0,2,19,1659476317
82551956,Marché d'Auteuil,48.84842761367387,2.265253821160005,32,16033,16,1,14,1659476676
66491372,M.- A. Lagroua Weill-Hallé -  F. Dolto,48.828595283857425,2.380220606266108,60,13055,32,2,23,1659476767
82413301,Ménilmontant - Oberkampf,48.866617658681,2.3830134404158,40,11029,8,7,24,1659476733
80077998,Lorraine - Jean Jaurès,48.8863865,2.3825772,19,19014,7,3,8,1659476771
13248144,Volontaires - Vaugirard,48.84132050184004,2.30808901725357,34,15014,3,4,27,1659476676
54000568,Philippe-Auguste,48.851853488265,2.3932945355773,48,11016,1,3,42,1659476773
39311270,Pasteur - Cotentin,48.8389284,2.316356,33,15114,1,2,30,1659476501
54000631,Victor Hugo - Bineau,48.88758225888669,2.2783890366554265,25,22014,3,1,19,1659476194
99840124,Regard - Rennes,48.847385404955965,2.3268555477261543,46,6004,4,0,41,1659476745
54000623,Mairie du 20ème,48.865302324275,2.3990669846535,27,20106,0,0,27,1659462212
653121023,Fief - République,48.83170888166024,2.255771979689598,25,21027,2,1,22,1659476479
76507850,Dantzig - Lefebvre,48.83013921586756,2.295934036374092,33,15044,1,4,27,1659476565
101010226,Porte de Charenton,48.83124010585643,2.3989107459783554,67,12040,12,0,54,1659476727
653194214,Hôtel de Ville de Rueil-Malmaison,48.878194,2.181724,20,25002,13,3,3,1659476374
11375742,Arsonval - Falguière,48.84040040365445,2.313117867297474,25,15113,0,0,25,1659476667
27415083,Place d'Italie - Soeur Rosalie,48.831908520394,2.3546943448098,52,13008,10,3,38,1659476769
27415333,Crimée - Ourcq,48.894104140316266,2.372946088467279,56,19001,0,0,53,1659476613
66491369,Montparnasse -  Square Ozanam,48.84331056782166,2.326524294912815,49,6005,1,1,46,1659476678
27363397,Jean Bologne - Passy,48.857566889784465,2.280027395306772,19,16022,1,1,17,1659476664
39878420,Pyrénées - Dagorno,48.855425770695085,2.4051643162965775,20,20011,5,3,12,1659476732
27363504,Jacquier - Didot,48.82953336292279,2.318179272115231,30,14025,7,3,19,1659476751
27414932,Saint-Maur - République,48.86418586145509,2.378317415714264,38,11018,9,9,20,1659476550
14623073464,Marcel Monge - Marcel Dassault,48.86096384533371,2.2246733296048142,46,21511,2,3,41,1659476748
82588656,Rond-Point Rhin et Danube,48.840452820991764,2.2280225157737736,53,21007,5,1,46,1659476511
35471668,Flandre - Ourcq,48.89260159189023,2.3790915682911873,30,19007,6,13,10,1659476583
27415500,Point du Jour - Jean Jaurès,48.828753141436465,2.245911467014621,26,21016,22,4,0,1659476768
11580442,Geoffroy-Saint-Hilaire - Saint-Marcel,48.83907826424974,2.356877340669728,17,5105,11,2,1,1659476699
99798962,Place Saint-André des Arts,48.85288617388103,2.3426544293761253,37,6020,13,2,18,1659476576
66507230,Saint-Marcel - Hôpital,48.83950442458303,2.360989417022932,21,13013,10,4,0,1659476752
125881065,Metz - Marne,48.891163,2.3865705,33,19123,5,12,15,1659476351
54000627,Bertrand Sincholle - Henri Barbusse,48.89925982394349,2.3042294383049016,23,21107,9,10,2,1659476250
121086415,Colisée - Champs-Elysées,48.870475399387,2.3076190799475,24,8039,2,0,22,1659476482
84961467,Lacépède - Linné,48.8437035476636,2.354651279747486,54,5031,8,2,44,1659476560
54000629,Commandant Charcot - Bretteville,48.87530570765423,2.2558460757136345,36,22007,3,3,25,1659476672
27415004,Général Michel Bizot - Claude Decaen,48.83481262982544,2.400927788127704,38,12039,23,12,0,1659476757
27415128,Ivry - Baudricourt,48.824695995415006,2.363106073577468,20,13037,4,7,9,1659476696
27414937,Saint-Mandé - Docteur Arnold Netter,48.84462585769668,2.404946386814118,39,12017,15,10,13,1659476776
42588096,Bobillot - Moulin des Prés,48.828657346203094,2.353020646316964,28,13023,2,14,12,1659476744
100227241,Guynemer - Jardin du Luxembourg,48.8466127,2.3325478,36,6009,7,1,28,1659476521
2254322638,Verdun - Pierre et Marie Curie,48.812822398263286,2.3707106709480286,26,42027,4,10,11,1659476666
15377776,Paul Valery - Victor Hugo,48.87137406080164,2.2887128591537476,35,16104,0,2,31,1659476634
70736110,Etienne Dolet - Place Maurice Chevalier,48.86798303359366,2.3851405311143026,33,20033,8,9,15,1659476694
16210188070,Convention - Campus de Bobigny,48.914920058264,2.4172238067445,0,30005,0,0,0,1627636430
16210512714,Pablo Picasso - Maurice Thorez,48.906887812943,2.4489325365198,0,30007,0,0,0,1627545043
11063317380,Sèvres - Maréchal Juin,48.8324305,2.2292812,18,21033,3,2,12,1659476748
121160813,Place Tristan Bernard,48.8791964,2.2915403,28,17036,3,0,21,1659476764
66491388,Alfred de Vigny - Place du Général Brocard,48.87836138361425,2.305254448220567,33,8044,0,0,33,1659476528
16043228469,Perrault - Place du Louvre,48.860273568996,2.3412468419093,16,1201,0,0,16,1611403361
16043282800,Port - Maurice Chevalier,48.832024486306,2.490271087056,0,41304,0,0,0,1650556299
15189890802,Fontaine du Tertre - Calvaire,48.8702539,2.2187778,24,21510,0,1,23,1659476717
16043242148,Charles de Gaulle - Rue de l'Alma,48.896620592993,2.252313240191,28,24010,1,5,21,1659476228
16043316164,Résistance - Romain Rolland,48.950873482371,2.2310190077797,28,51007,3,4,18,1659476758
54000628,Claude Debussy - Marc Bloch,48.910388180512,2.3117771744728,56,21112,8,5,41,1659476587
15187848239,Place Jean Mermoz,48.9220937,2.2718348,30,22703,24,4,1,1659476665
129095489,Batignolles - Abel Truchet,48.88310390458221,2.323834749088381,28,17050,2,3,22,1659476772
1057383154,Gare RER les Ardoines,48.783856363467,2.4079093717471,49,44009,33,15,1,1659476766
218903767,René Boulanger - Lancry,48.8685433,2.3600032,62,10001,3,2,56,1659476622
37647,Gare du Nord - Dunkerque,48.88042350842878,2.3527636751532555,29,10028,7,2,15,1659476771
54000621,Ménilmontant - Père Lachaise,48.863287291502,2.3869940266013,56,20030,5,10,40,1659476762
523900881,Cité de la Musique,48.888796556487385,2.3925811931922163,60,19018,0,0,60,1659476369
214097180,Paul Doumer - Stalingrad,48.806518992199,2.3368880152702,24,41101,17,7,0,1659476775
54000555,Jean Mermoz - Champs-Elysées,48.869689856852,2.3107324540615,33,8031,2,0,29,1659476589
54000556,Gare du Nord - Faubourg Saint-Denis,48.879612765503616,2.3568402975797653,28,10151,6,4,13,1659476712
2515618216,Hippodrome de Longchamp,48.86413226532,2.239905372262,30,16140,2,1,27,1659476440
1057387136,8 Mai 1945 - 10 Juillet 1940,48.784567029674,2.3979035764933,30,44010,4,15,10,1659476733
11908488283,Georges Pompidou - Verdun,48.875481,2.232443,26,21508,3,3,19,1659476739
85123644,Pyrénées - Ménilmontant,48.8693268535238,2.395084574818611,26,20035,2,7,17,1659476627
100863462,Musée d'Orsay,48.85972615790874,2.325860448181629,65,7007,4,1,57,1659476782
253357936,Félix Faure - Lourmel,48.83868901709515,2.2818081825971603,58,15032,47,5,2,1659476743
42517412,Gambetta - Saint Fargeau,48.871244610447015,2.4039056897163396,24,20037,0,0,23,1659460231
213699079,Macdonald - Césaria Evora,48.89883,2.37933,67,19045,0,0,67,1593435140
54000551,Galilée - Vernet,48.871715878697,2.2985444962978,17,8003,0,0,17,1659476473
10647548670,Nungesser - Santé,48.852335,2.448967,22,41212,3,6,13,1659476612
15066765479,Gare RER - Général de Gaulle,48.933548439566,2.3064726536317,41,22302,12,7,19,1659476536
10647608657,Dora Maar - Nadia Guendouz,48.90545242130479,2.3220406472682957,30,34009,4,4,20,1659476717
213676294,Chevaleret - Tolbiac,48.82941,2.375934,21,13053,17,3,1,1659476707
95073815,Saint-Lazare - Place d'Estienne d'Orves,48.8768345,2.3329067,39,9029,1,0,36,1659476271
16134135570,Stalingrad - Général de Gaulle,48.823450589614,2.4965062363218,0,45005,0,0,0,1558939179
16134083337,Maréchal Leclerc de Hauteclocque - Marché Buzenval,48.858446,2.192077,30,25010,0,0,30,1659476363
11266280626,Cartier Bresson - Denis Papin,48.902616,2.397814,32,35021,0,0,32,1659476505
49039283,Carpeaux - Place Jacques Froment,48.8906542,2.3309428,19,18018,4,11,3,1659476740
35642049,Jemmapes - Ecluses Saint-Martin,48.87748519186726,2.3660067468881607,15,10025,1,0,12,1659476264
16379269732,Président Roosevelt - Rouget de Lisle,48.83047518749,2.2616135525345,0,21320,0,0,0,1627456205
11851012506,Jean Jaurès - Place du Dr Roux,48.92756703279621,2.2947337017374063,35,22305,32,0,1,1659476719
27033125,Pierre Ginier - Clichy,48.8867667,2.326228,16,18045,1,4,9,1659476580
13341879803,Châteaudun - Place de la Liberté,48.90970830301211,2.2454486480600626,26,22507,9,2,15,1659476651
1074347188,Champs de Manoeuvre - Cartoucherie,48.835261,2.447974,20,12165,6,0,12,1659476497
2515774908,Val-Fleury,48.807671407991,2.2407217696309,23,21954,0,8,15,1659476673
84986959,Bastille - Biscornet,48.851355779579,2.369220033288,62,12001,0,2,60,1659476716
11851103861,Division Leclerc - Kléber,48.798666226364,2.2833752789972,25,23203,1,3,21,1659476442
12806084887,Avenir,48.8103438,2.3003776,45,23201,0,0,45,1659476649
123546861,Place du Colonel Fabien,48.87756832086,2.3698791861534,27,10038,3,3,21,1659476696
12943772652,Place Henri Dunant - Gare RER,48.787543,2.2907628,31,22602,7,4,19,1659476707
12948189248,Guy Môquet - Jean Moulin,48.940931521020836,2.363948999931771,30,32023,15,15,0,1659476745
15826185972,Faubourg St-Antoine - Place de la Nation,48.8487726,2.393606,16,11201,2,1,13,1659476585
82423726,Gare de Lyon - Roland Barthes,48.84395729494058,2.3790882155299187,68,12106,9,4,55,1659476570
252301607,Charles de Gaulle - Madrid,48.884432270367995,2.2608044743537907,22,22005,1,0,20,1659476604
12959947458,Parc des Pierrettes,48.7973062,2.2909969,23,23205,0,11,11,1659476712
101013666,Bercy - Villot,48.841795009027,2.3767850184816,34,12105,3,2,29,1659476733
210581084,Gare Saint-Lazare - Place de Budapest,48.877753,2.327339,44,9035,2,2,20,1659476723
34742973,Place Balard,48.836395736424,2.2784192115068,22,15056,21,1,4,1659476760
11437761399,Henri Barbusse - Bourguignons,48.91301722799713,2.2734212270774417,34,26008,14,7,12,1659476744
11438116799,Porte de Clichy - Place des Nations Unies,48.896737263309504,2.310542999196392,40,17127,15,15,9,1659476702
11437961617,Marceau Delorme - Pierre Brossolette,48.91206062860357,2.295897423568745,28,26009,10,14,3,1659476713
11438049493,Hélène et François Missoffe - Emile Borel,48.89990653843488,2.321543991674844,32,17126,3,13,14,1659476441
11437651826,Adrien Lesesne - Docteur Bauer,48.90263867304635,2.348248063431511,30,34005,5,16,7,1659476678
11004720021,Garibaldi - Gabriel Péri,48.90574191139427,2.331604420805889,30,34008,14,14,1,1659476606
102335085,Aristide Briand - Place de la Résistance,48.82124248401006,2.2511002421379094,25,21302,31,6,0,1659476709
11437706131,Bateliers - Quai de Seine,48.915817585516,2.3239533298594,26,34012,0,0,26,1653472786
13373712848,Place de la Paix - Abbé Saint-Pierre,48.86462724459225,2.2047570338469806,24,21514,1,2,21,1659476615
13373848216,Simone Signoret - Paris,48.903600624712865,2.465406596265139,28,31303,4,17,5,1659476725
13373801574,Gare RER,48.896241412268,2.4595758300992,30,31301,2,8,19,1659476771
13373758036,Roland Garros - Jean Bouin,48.809460857173,2.2853198638301,28,23204,0,4,24,1659476443
129026597,Caumartin - Provence,48.874422773426545,2.3284685611724854,22,9104,3,1,17,1659476475
478732841,Sebastopol - Rambuteau,48.86181809267,2.3501381278038,16,4104,5,0,12,1659476447
1062807847,BNF - Bibliothèque Nationale de France,48.8350268238,2.3760157451034,42,13123,5,2,32,1659476778
82402482,Gare de l'Est - Chateau Landon,48.879305,2.362424,59,10026,10,9,40,1659476718
129088667,Jonquière - Docteur Paul Brousse,48.894799816683985,2.318705212173216,40,17010,13,11,15,1659476716
54000604,Ordener - Poissonniers,48.891213890844654,2.351288666219873,35,18023,8,4,21,1659476742
43247738,Ruisseau - Ordener,48.89299462568024,2.340144887566567,35,18026,3,20,10,1659476771
102311820,Clignancourt - Ordener,48.891457726153774,2.348636478060487,35,18024,7,15,13,1659476538
516395829,Quai des Célestins - Henri IV,48.8512971,2.3624535,14,4005,8,0,10,1659476752
368766689,Westermeyer - Paul Vaillant-Couturier,48.819116181578764,2.3966637253761296,25,42004,33,9,2,1659476780
315022587,Malesherbes - Place de la Madeleine,48.87040602848252,2.323243509807989,67,8004,1,0,66,1659476778
