station_id,name,lat,lon,capacity,stationCode,nbMecha,nbElec,nbdocklibre,last_reported
213688169,Benjamin Godard - Victor Hugo,48.865983,2.275725,35,16107,1,0,34,1695668212
653222953,Mairie de Rosny-sous-Bois,48.871256519012,2.4865807592869,30,31104,18,6,5,1695668217
17278902806,Rouget de L'isle - Watteau,48.778192750803,2.3963020229163,20,44015,2,5,11,1695668252
36255,Toudouze - Clauzel,48.87929591733507,2.3373600840568547,21,9020,7,3,11,1695668216
37815204,Mairie du 12ème,48.840855311763,2.3875549435616,30,12109,28,1,0,1695668200
251039991,Cassini - Denfert-Rochereau,48.837525839067,2.3360354080796,25,14111,0,1,22,1695668230
85002689,Jourdan - Stade Charléty,48.819428333369,2.3433353751898,60,14014,3,5,51,1695668249
2515829865,Basilique,48.93626891059109,2.3588666820200914,22,32017,1,4,15,1695668137
516709288,Charonne - Robert et Sonia Delaunay,48.855907555969,2.3925706744194,20,11104,3,1,16,1695668242
120827885,Messine - Place Du Pérou,48.875448033960744,2.315508019010038,12,8026,0,0,11,1695667992
66491398,Le Brun - Gobelins,48.835092787824,2.3534681351338,48,13007,7,0,39,1695668037
37874517,Saint-Sulpice,48.85165383178419,2.3308077827095985,21,6003,0,1,18,1695668244
210403080,Lacépède - Monge,48.84389286531899,2.3519663885235786,23,5110,2,1,19,1695668253
210561800,Saint-Romain - Cherche-Midi,48.84708159081946,2.321374788880348,17,6108,0,0,16,1695668041
209063434,André Karman - République,48.91039875761846,2.3851355910301213,31,33006,3,7,21,1695668003
94555589,Pierre et Marie Curie - Maurice Thorez,48.81580226360801,2.376804985105991,27,42016,4,3,19,1695668215
244498842,Bois de Vincennes - Gare,48.836022242886884,2.4708339950830287,50,41301,11,3,34,1695668123
210405211,Beaux-Arts - Bonaparte,48.856451985395786,2.334851883351803,20,6021,0,0,20,1695667939
43195240,Silly - Galliéni,48.835583838706,2.2325500845909,25,21010,9,1,14,1695668131
501862076,Place Nelson Mandela,48.862453313908,2.1961666225454,22,25006,0,11,10,1695668107
17486274358,Jean Rostand - Paul Vaillant Couturier,48.908168131015,2.4530601033354,40,30002,13,2,24,1695667913
207633746,Grande Armée - Brunel,48.876116,2.288124,62,17038,0,0,58,1695668165
16560752067,Bracion - Périphérique,48.826103771275,2.3004549373748,30,15202,1,2,27,1695667952
210566542,Square Boucicaut,48.851296433665276,2.325061820447445,60,7003,1,1,55,1695668004
210565680,Vaneau - Sèvres,48.84856323305935,2.3204218259345537,35,7002,1,4,30,1695668250
85043758,Guersant - Gouvion-Saint-Cyr,48.88287775178599,2.287667370814871,36,17041,12,5,19,1695668215
54000559,Jouffroy d'Abbans - Wagram,48.881973298352,2.301132157445,40,17026,5,2,32,1695668164
210397939,Thouin - Cardinal Lemoine,48.84504716661511,2.3494647851273465,17,5016,2,1,13,1695668225
82405965,Froment - Bréguet,48.8570414504784,2.37289470306807,43,11025,15,2,22,1695668211
213682736,Morillons - Dantzig,48.83310149953933,2.299380004405976,52,15047,6,1,45,1695667862
128986726,Boétie - Ponthieu,48.871417284355,2.3076787590981,33,8050,0,0,29,1695668063
54000581,Croulebarde - Corvisart,48.830981659316855,2.3481646925210953,34,13101,9,3,22,1695668241
13105968,Le Brix et Mesmin - Jourdan,48.82234096593411,2.327861653302471,21,14108,1,1,19,1695668167
653208733,Romainville - Vaillant-Couturier,48.86785,2.446748,38,31024,5,7,24,1695668151
27415224,Bir Hakeim,48.853844054333514,2.289705348222022,33,15026,3,0,28,1695668177
123095125,Alibert - Jemmapes,48.871044051984,2.3661044619878,60,10013,27,7,20,1695668235
129094535,Porte de Saint-Ouen - Bessières,48.89792240854517,2.32851451022192,42,17044,2,1,29,1695668178
54000612,Cambrai - Benjamin Constant,48.89594736851349,2.381133802246315,43,19033,11,8,23,1695667802
80101533,Chazelles - Courcelles ,48.879406604954,2.3034455627202988,35,17025,0,0,33,1695667762
17486876370,Moulin de Pierre - Abbé Grégoire,48.822036188382,2.2754641655975,20,21326,1,8,11,1695668028
599135701,Ramponeau - Belleville,48.871031137596,2.379056852114,44,20143,9,8,25,1695668214
102747146,Lagny - Victor Basch,48.84884147189881,2.426325418925233,26,43002,3,5,18,1695668158
2515403527,Saint-Cloud - Hippodrome,48.85772148887421,2.2549109905958176,30,16138,0,1,29,1695668196
653132534,Louis Lejeune - Barbès,48.81807418981508,2.3267009854316716,25,21216,4,5,15,1695668124
506455295,Général Martial Valin - Pont du Garigliano,48.83823094269141,2.270506024360657,16,15068,1,0,14,1695668219
1057149522,Rond-point du Dr Albert Schweitzer,48.78980918988166,2.3143940046429634,22,22207,3,9,9,1695668211
210567545,Raspail - Varenne,48.853147816545,2.3263905197382,18,7004,0,1,17,1695668201
653197324,Théâtre des Amandiers - Palais des sports,48.892648526839,2.2136941552162,23,92002,1,0,22,1695667795
2515085147,Italie - Tolbiac,48.82557229464416,2.3576171323657036,21,13030,5,4,11,1695668206
210408693,Vaugirard - Monsieur le Prince,48.848951441614,2.3411329463124,26,6029,0,1,23,1695668060
42950839,Serrurier,48.8804934032465,2.39806417375803,18,19027,0,1,17,1695668220
14813797734,Raspail Barbès,48.8529945,2.4247387,28,31028,13,12,3,1695668213
88230992,De Toqueville - Terrasse,48.882428,2.314002,30,17048,5,1,23,1695668187
499303158,Jules Guesde - Pont du Port à l'Anglais,48.79628807093802,2.417212128639221,30,44017,11,2,16,1695667898
907054879,Liberté - Vert-de-Maisons,48.79014780960843,2.43286281824112,20,47007,0,0,20,1694836503
27415302,Michel-Ange - Parent de Rosan,48.840579923690115,2.2584119439125065,26,16118,1,2,22,1695668247
27414512,Caire - Dussoubs,48.86785342111862,2.349364310503006,40,2017,8,2,29,1695668223
210580039,Tour d'Auvergne - Rodier,48.879161,2.343698,17,9008,0,3,14,1695668224
49474389,Artois - Berri,48.87393521240818,2.3064258322119713,23,8103,2,0,15,1695668221
128940135,Marceau - Chaillot,48.868834023334,2.2986030816809,21,8048,0,0,20,1695668050
35149611,Liard - Amiral Mouchez,48.8214169,2.342167,14,14013,0,0,13,1695667920
1057296253,Regnault - Patay,48.82435782216384,2.377065159380436,63,13118,45,3,11,1695668236
129107656,Félix Ziem - Armand Gauthier,48.88949630486821,2.333393658804396,25,18111,1,6,18,1695667978
210574471,Abbeville - Faubourg Poissonnière,48.879223,2.349147,14,9002,0,3,9,1695668214
1057228658,Youri Gagarine - Karl Marx,48.78448485079149,2.35908430069685,22,48003,1,3,18,1695667995
230873471,Octave Feuillet - Albéric Magnard,48.86106902949534,2.2730283066630363,21,16110,0,0,21,1695668161
205047993,Edgar Quinet - Raspail,48.83940266673835,2.32971478253603,46,14002,2,1,43,1695668228
39799329,Faubourg Montmartre - La Fayette,48.87525454905335,2.340853661298752,35,9014,2,4,28,1695668201
129164969,Place Jean-Spire-Lemaître,48.8468428626593,2.452062070369721,50,43009,27,13,7,1695668241
128989986,Place Georges Guillaumin,48.874750203956566,2.301771435325988,29,8053,0,0,23,1695668207
129004826,Bellefond - Poissonnière,48.87759897050706,2.348463758826256,17,9001,6,1,10,1695668172
518825709,Jean Oestreicher - Porte de Champerret,48.88655580065981,2.288640439510346,21,17032,0,3,18,1695667917
128930462,Square Louis XVI,48.87320440102894,2.323658830743138,29,8016,1,0,26,1695668152
911767210,Alexandre Parodi - Quai de Valmy,48.87935941942529,2.366596162319184,24,10162,2,2,20,1695667977
54000565,Granges aux Belles,48.8761373390584,2.3680844979417,27,10115,1,2,20,1695668127
210586093,Dunkerque - Rocroy,48.880726,2.351464,24,10029,0,3,19,1695668253
7254,Gay Lussac - Saint-Jacques,48.844730256132095,2.341923944866407,24,5005,0,0,24,1695668168
369644630,Gare de l'Est - Faubourg-Saint-Martin,48.875642647477,2.3594588041306,32,10161,1,3,26,1695668149
214114469,Gare de Nogent-le-Perreux,48.83842553348809,2.493693307042122,32,41303,9,3,19,1695668151
55927887,Gabriel Lamé,48.8351212784276,2.385534569621086,36,12031,4,3,27,1695668226
210570888,Las Cases - Bourgogne,48.859091104741,2.3185685276985,22,7011,0,1,21,1695667661
128887067,Ségur - d'Estrées,48.851419978983,2.3097044974566,19,7018,5,1,10,1695668229
72765603,Boulangers - Cardinal Lemoine,48.8462904,2.3521495,20,5022,1,1,17,1695668250
210582921,Boudreau - Auber,48.87219,2.329423,14,9106,1,0,11,1695667943
16659953198,Verger - Colonel Guichard,48.816376985087,2.2670380088932,29,21328,2,4,23,1695667841
17486828694,Charlot - Stade Gabriel Voisin,48.827228120536,2.268122527474,31,21323,26,1,3,1695668185
129050965,Place de la République - Voltaire,48.866830968942,2.3654810339212,19,11046,2,4,11,1695668225
16659964929,Arsène Houssaye - Friedland,48.874510616163,2.2994716674148,29,8201,0,1,27,1695668149
507934805,Ney - Porte de Clignancourt,48.8978867,2.3458001,25,18134,0,0,25,1695668011
43255030,Pereire - Ternes,48.87973954830735,2.288012132048607,48,17040,1,1,46,1695668151
129025451,Douai - Bruxelles,48.88320784122797,2.3308449949028507,27,9038,1,1,24,1695668069
128920403,Gare Saint-Lazare - Isly,48.874777677621296,2.326515804784655,27,8009,0,2,24,1695668165
323616530,Quai de l'Horloge - Pont Neuf,48.857058739111,2.3417982839439,17,1001,1,1,13,1695668228
208795867,Ambroise Rendu - Porte Brunet,48.883667,2.395733,17,19105,0,1,16,1695667751
1062192012,Gare Rosny-Bois-Perrier,48.88115023337061,2.480436824262142,36,31103,11,4,19,1695667877
521393180,Porte Pouchet-Bessières,48.8978765,2.3230632,23,17008,4,2,15,1695667996
576188379,Vigée-Lebrun - Anselme Payen,48.838683941628375,2.3110422492027287,24,15112,1,2,21,1695668199
128915891,Octave Gréard - Tour Eiffel,48.856502977696,2.2931787543289,33,7025,3,4,24,1695668103
6296,Institut de France,48.857615678565,2.3358313530377,17,6001,0,0,16,1695668002
82567101,Château - République,48.862923800596,2.4155035614967,26,31706,1,2,23,1695668253
457813746,Henri Barbusse - Stalingrad,48.814183748660554,2.2872862592339516,16,22409,1,11,2,1695667985
128882438,Institut du Monde Arabe - Saint-Germain,48.849063299501,2.3558086529374,40,5020,1,0,33,1695668243
50191171,Thionville - Ourcq,48.88917613743794,2.3833653330802917,24,19015,17,4,0,1695668073
129014600,Rossini - Laffitte,48.87334627510507,2.337980867701675,33,9022,0,0,31,1695668058
3906153622,Argenteuil - Voltaire,48.91864865955558,2.2814112156629562,16,26003,7,7,1,1695667954
129087587,Legendre - Clichy,48.88896161855884,2.322528975094376,40,17004,24,3,11,1695668151
213693511,Quai de la Seine,48.884492238407525,2.3703941702842717,24,19003,5,2,14,1695668112
82379648,Lisbonne - Monceau,48.87745567681383,2.309694221419506,33,8036,0,1,31,1695668091
66491397,Gare de Lyon - Place Louis Armand,48.845515089794,2.3726498446286,60,12151,1,0,59,1695668106
230877798,Chartres - La Charbonnière,48.8847601,2.3534657,34,18107,3,1,30,1695668140
2515995748,Pesaro - Préfecture,48.89577046284005,2.223908342421055,22,92007,0,0,22,1695667578
27363162,Ranelagh - Mozart,48.8554439,2.2704418,23,16026,1,0,19,1695668200
129021753,Moncey - Blanche,48.88006587474148,2.3310810327529907,17,9028,1,2,13,1695668123
210740080,Gare du Nord - Hôpital Lariboisière,48.881949,2.352339,49,10107,2,1,45,1695667805
3906094706,Redoute - Les Courtilles,48.929867194519,2.2836696356535,40,26002,12,8,20,1695668204
80216231,Belidor - Gouvion-Saint-Cyr,48.88022154052015,2.2854680567979813,39,17043,1,21,17,1695667944
336511521,Place de Rhin et Danube,48.88192765861766,2.392586767673493,17,19026,0,2,14,1695668090
82562556,Exelmans - Versailles,48.84097491091973,2.264390252530575,49,16039,6,1,42,1695668191
129048000,Saint-Maur - Roquette,48.858688774062955,2.383553994571467,46,11023,30,7,8,1695668160
1062250686,11 Novembre 1918 - 8 Mai 1945,48.80889533774377,2.5382421165704727,36,45003,8,7,21,1695668152
129043651,Roquette - Thiéré,48.85507930579506,2.3733686318721463,23,11002,13,2,8,1695667796
27363489,Claude Decaen - Cannebière,48.83761417037952,2.397253782195704,27,12111,14,7,5,1695668027
39296638,Berri - Haussmann,48.874746047357135,2.3082953318953514,35,8034,1,3,19,1695668249
813544903,Amelot - Saint-Sébastien,48.86114216276092,2.367799618107727,30,11047,6,3,19,1695668247
205938683,Delphine Seyrig - Général Leclerc,48.893923963057865,2.39790290594101,53,19043,1,0,50,1695668187
210399835,Panthéon - Valette,48.84702057165222,2.3464982619671075,39,5032,0,2,36,1695668182
102324803,Pyrénées - Emmery,48.872010281270974,2.392039597034455,40,20042,1,2,36,1695668116
101763163,Desaix - Edgar Faure,48.852804604940296,2.293077029857222,12,15067,7,1,3,1695668064
653133605,Gare RER - Canadiens,48.81995307955795,2.464176752459464,45,43401,14,9,21,1695668246
126050442,Pereire - Rennequin,48.88364782887555,2.2952447086572647,23,17030,6,2,14,1695667980
27414578,Notre-Dame-des-Champs - Stanislas,48.84479928858768,2.329337755887181,19,6006,0,0,18,1695667752
54000569,Saint-Ambroise - Parmentier,48.862147844548,2.3772348091006,38,11027,16,3,17,1695668173
508042092,Pyramide - Ecole du Breuil ,48.82237977153955,2.4586871266365056,34,12128,13,1,20,1695667956
42603855,Liège - Moscou,48.8795431,2.3264628,17,8010,1,2,12,1695668007
818302209,Mairie de Montreuil,48.86131452758348,2.440614402294159,52,31022,7,7,36,1695668238
13718041,Square Simon Bolivar,48.8750898883217,2.3826304078102116,24,19101,1,8,13,1695668064
265464297,Schoelcher - Raspail,48.83681733526843,2.3312794080411474,50,14003,0,2,46,1695668187
1057392676,Rouget de Lisle,48.764615483395254,2.4071189761161804,35,46002,24,4,7,1695668097
102309973,Cimetière de Montmartre,48.886472466142,2.3328901827335,43,18003,3,1,39,1695668075
532054446,Richard Lenoir - Republique,48.8667175,2.3692541,58,11113,8,3,46,1695668112
129034587,Récollets - Square Villemin,48.875034655883944,2.359801238597928,17,10016,4,0,12,1695668032
261987383,Place Du Général De Gaulle,48.8687591,2.4329931,26,31009,0,7,18,1695667985
314829539,Charles de Gaulle - Beauté,48.83649602312711,2.479562651149885,49,41302,5,4,40,1695667994
1057324291,Cimetière de Montrouge,48.821466904768,2.3215785772007,58,14020,3,3,52,1695667871
37815993,Mutualité,48.848225572724,2.3502873256803,37,5018,3,3,30,1695668121
583539396,Anatole France - President Roosevelt,48.9155156,2.3814103,29,33017,6,10,13,1695668090
101753100,Henry Farman,48.83372430280548,2.2713854536414146,16,15042,4,0,12,1695668180
27415466,Jourdain - Place des Grandes Rigoles,48.87403113727167,2.38959476351738,22,20112,0,5,17,1695668193
52393,Grands Moulins de Pantin,48.89738369720229,2.3959985375404362,50,19044,2,2,45,1695668030
81081358,Pajol - Place Herbert,48.8927825,2.3635598,39,18011,18,17,3,1695668249
66491385,Fontenay - Libération,48.84780306364685,2.445141971111298,25,43008,9,5,10,1695668154
209057581,Gabriel Péri - Francisco Ferrer,48.88633710236977,2.407338917255402,18,33102,10,8,0,1695668135
27363187,Place Albert Kahn,48.89579697978,2.3455855841349,0,18031,0,0,0,1688374764
3906335682,Roger Salengro - Fontainebleau,48.814548697325,2.3611663654447,25,42706,11,1,11,1695668153
586539770,Marne - Germain Dardan,48.81217465201,2.3035024699104,22,21212,0,2,20,1695667917
535500589,Hôpital Européen Georges Pompidou ,48.83769531916335,2.275374233722687,64,15104,6,0,57,1695667703
597245295,Concorde - Stalingrad,48.7985844,2.3821302,35,44006,15,18,2,1695668155
213684314,Fédération - Suffren,48.852828153442,2.2978776320815,25,15105,12,2,10,1695668024
235513935,Carducci - Place Hannah Arendt,48.877436681515796,2.3860743641853337,27,19120,2,8,15,1695668117
27206194,Saint-Jacques - Val de Grâce,48.8417514,2.3413893,19,5004,1,2,16,1695668064
102323152,Manin - Carrières d'Amérique,48.88467214209463,2.3919698596000676,20,19103,8,6,6,1695667979
828134511,Porte de Vanves,48.828012849445,2.3056878894567,32,14138,0,3,29,1695668067
129060764,Victor Hugo - Jeanne Jugan,48.843949064031825,2.415081394834419,28,12114,6,1,19,1695668052
210749865,Port-Royal - Hôpital du Val-de-Grâce,48.837668272811,2.3448138346607,18,13001,3,3,12,1695667993
17581042048,Place de la Porte de Champeret,48.886062068226,2.2917001576821,0,17203,0,0,0,1690279704
586649404,Conservatoire de Musique,48.77093586667601,2.4034014344215398,25,46003,9,1,14,1695667942
596813170,Cimetière de Fontenay-sous-Bois,48.84706173362218,2.4787822365760808,15,41209,0,1,14,1695667672
596872103,Lucie Aubrac - Fort,48.818144834008976,2.271184623241425,30,21312,3,3,24,1695668197
271426439,Buisson Saint-Louis - Saint-Maur,48.87174684930295,2.3722528328789854,19,10024,13,3,1,1695668210
66491389,Place de la Reine Astrid,48.864920982538,2.3025491823859,54,8045,0,0,52,1695668235
76199461,Championnet - Vauvenargues,48.89401874744574,2.3319872841238976,33,18028,11,13,6,1695668112
230952057,Place Marcel Cachin,48.81411442356866,2.39090770483017,32,42014,31,1,0,1695668236
88140066,Rocher - Laborde,48.87590240712654,2.322616316378116,65,8017,0,1,64,1695667693
213683101,Lecourbe - Jean Maridor,48.83796366147599,2.2877392172813416,19,15054,9,4,3,1695668251
213684750,Grenelle - Violet,48.84993035512154,2.294612042605877,35,15106,4,1,30,1695668171
129067920,Mouton Duvernet - Général Leclerc,48.831632518292565,2.3293121159076686,39,14008,6,3,27,1695668219
2515049357,Erasme - Ulm,48.84264375274712,2.3445946723222733,24,5124,2,0,20,1695667895
27364743,Marc Sangnier - Porte de Vanves,48.825218683556734,2.3107116669416428,21,14106,0,0,21,1695668044
102314792,Etienne Jodelle - Saint Ouen,48.88794016394694,2.326124420314341,33,18046,4,4,22,1695668227
35447568,Guy Môquet - Etienne Dolet,48.81527009991819,2.298078276995073,23,22406,0,1,22,1695668156
27415736,Jean Jaurès - Presles,48.90713441498779,2.396005728053061,30,35002,2,5,22,1695668015
583178525,Boissière - Etienne Dolet,48.876111,2.4677312,21,31102,1,7,13,1695668091
2514995690,Chabanais - Petits Champs,48.86703740186721,2.336716018617153,30,2111,4,1,22,1695667807
66491402,Marcadet - Barbès,48.890451120965,2.3490573929687,37,18022,7,6,20,1695668192
82387816,Bertie Albrecht - Hoche,48.87614039826388,2.301303138307601,32,8054,0,1,30,1695668095
213685090,Cevennes - Bergers,48.84240765130395,2.281037718057633,29,15109,27,0,2,1695668216
301841024,Molière - République,48.81111581390707,2.3145738624448158,30,21209,3,5,22,1695668111
213679512,Sibelle - Alésia,48.826701758539215,2.3384983465075493,25,14012,4,0,21,1695667737
85147829,Hôtel de Ville de Boulogne Billancourt,48.83495885166784,2.2416803240776066,26,21005,8,0,16,1695668228
588452142,Hoche - Jean Lolive,48.89110239200789,2.402843534946442,24,35010,5,2,16,1695668064
129038848,Enghien - Faubourg Poissonnière,48.872420063053,2.3483952362828,33,10042,2,1,29,1695667867
213681356,David Weill - Parc Montsouris,48.821092374256104,2.333725690841675,22,14124,1,1,20,1695668252
2515351285,Saint Lambert - Blomet,48.83659148147257,2.2930556908249855,27,15133,23,1,2,1695668175
213685514,Place Robert Guillemard,48.836191728066666,2.2811267160086417,24,15110,13,0,11,1695667835
102329800,Marcelin Berthelot,48.8415473058801,2.233161628246308,27,21006,14,1,11,1695668124
54000625,Repos - Cimetière du Père Lachaise,48.859358523593,2.3896131366845,33,20131,3,0,27,1695668245
572566600,Edouard Tremblay - Julian Grimaux,48.781383825117,2.3723508417606,30,44013,0,4,26,1695668151
213911772,François Debergue - Croix de Chavaux,48.857421708072074,2.437578141689301,57,31008,0,2,54,1695668057
129132870,Nationale - Place Jules Guesde,48.82753962462998,2.2416052222251897,23,21015,13,3,7,1695668058
620403530,Gabriel Péri - Danielle Casanova,48.790114,2.4025777,20,44003,14,3,1,1695668218
66491378,Lakanal - Commerce,48.84442462786544,2.294059172272682,53,15034,8,2,43,1695668152
631773910,Carnot - Pâquerettes,48.79592939432515,2.4261841177940373,26,41404,13,9,2,1695668181
1765749389,Karl Marx,48.784527937293184,2.3646667979455587,16,48010,0,1,14,1695667988
611152693,Tertres - Fontaine,48.787553654715644,2.306235730648041,28,22203,0,11,16,1695668132
235241110,Gare Rer de Fontenay sous Bois,48.8436279,2.4630465,61,41202,4,1,55,1695668119
613737748,Raspail - Manufacture des Oeillets,48.8094458,2.3903009,32,42021,25,5,2,1695667892
41498023,Oberkampf - République,48.865316087070475,2.3761147849099955,24,11030,13,8,3,1695668219
1062671597,Cossonnerie - Sébastopol,48.86132665908402,2.349419631063938,24,1119,14,0,8,1695668168
213945171,Noisy le Sec - Jean-Baptiste Clément,48.87451538963655,2.415283620357514,22,31708,0,9,13,1695668246
463297497,Marcelle - Thalie,48.8835462,2.4137883,20,35020,0,4,13,1695667719
35908,Cujas - Saint-Michel,48.848191348584,2.341831654854,19,5106,1,0,18,1695667772
213875650,Henri Ste-Claire Déville - Paul Héroult,48.892663,2.172411,24,25003,4,6,14,1695668043
245187072,Louis Lumière - Porte de Bagnolet,48.86431136000005,2.4105210229754443,20,20115,0,1,19,1695668147
129144878,Paris - Emile Zola,48.854898095789295,2.4186685681343083,30,31003,1,7,20,1695668246
27415665,Jean Jaurès - Salvador Allende,48.821475594736775,2.3026576638221745,43,22402,1,0,42,1695667983
593238093,Victoire - Chaussée d'Antin,48.875065791004396,2.3316738009452824,24,9116,0,0,23,1695668253
102331767,Victor Hugo - Galliéni,48.83802015441127,2.2460845112800603,34,21008,2,1,30,1695668100
37791,Richard Lenoir - Jean-Pierre Timbaud,48.86580427668637,2.369337074966926,36,11039,3,1,28,1695668175
50156117,Legendre - Dulong,48.885325169402904,2.316423766314984,23,17013,3,2,16,1695668108
15462236,Galilée - Kléber,48.86741186571367,2.290781380114821,32,16008,1,1,29,1695668194
101024234,Quai Panhard et Levassor,48.82837482809675,2.384273745805574,57,13050,1,1,54,1695668164
210744286,Chemin Vert - Saint-Maur,48.86112461407359,2.381299026310444,45,11026,33,7,1,1695668191
213992316,Square du Théâtre du Garde-Chasse,48.881287375060616,2.420119643211365,50,32604,0,3,46,1695667960
213694482,Botzaris - Parc des Buttes Chaumont,48.877951,2.381464,20,19024,1,2,15,1695668162
235599121,Général De Gaulle - Alouette,48.839109,2.4175664,26,41601,10,3,13,1695668171
129011497,Rochechouart lamartine,48.876719895109,2.344393021853951,24,9010,2,1,19,1695667980
101743895,Joseph Liouville - Croix Nivert,48.844835471244416,2.297508493065834,64,15021,14,2,47,1695668209
213691848,Place Madeleine Daniélou,48.883498,2.282015,42,17105,10,1,29,1695668214
210396518,Estrapade - Ulm,48.84512772828039,2.3454568170361734,16,5012,1,1,14,1695668004
213683992,Cauchy - Cévennes,48.8433725710224,2.275132834911347,51,15103,17,0,33,1695668229
54000601,Jean-François Lépine - Stephenson,48.88611466796807,2.356855627529275,22,18009,11,4,4,1695668117
27362896,Beffroy,48.886591074487995,2.261394560337067,26,22003,1,1,24,1695668154
213687140,Molitor - Chardon-Lagache,48.84520880183234,2.2656840831041336,34,16038,1,2,30,1695668019
97677210,Parmentier - République,48.8644954,2.3750124,50,11105,18,2,27,1695668212
213680917,Abbé Carton - Plantes,48.827673823165846,2.320918142795563,25,14110,13,1,11,1695667995
1057774603,Marie-Georges Picquart - Pereire,48.88863669349711,2.3111706599593163,32,17125,0,1,31,1695668105
213688462,Sablons - Georges Mandel,48.863875,2.28189,38,16108,1,1,35,1695667779
102749572,Gare RER de Vincennes,48.847563015126106,2.433383166790009,51,43005,4,2,43,1695668236
39254792,Mairie du 11ème,48.858925,2.3789759,51,11024,42,5,0,1695668186
390212609,Théophile Gautier - François Millet,48.85034821320644,2.273029983043671,30,16136,19,3,3,1695668219
549876068,Villette - Belleville,48.8726877314,2.376461327076,48,19032,1,9,33,1695668214
63498079,Marché Secrétan,48.88125496379482,2.373463287949562,26,19022,5,6,10,1695668239
102338493,Larmeroux - Baudelaire,48.816939911292,2.2809894804846,29,21701,7,12,10,1695668252
875078767,Lieutenant Chauré - Etienne Marey,48.86746195408435,2.405970990657807,20,20134,0,1,19,1695668171
210573120,Hoche - Tilsitt,48.874836457837,2.2971323132515,33,8057,0,0,31,1695668225
1558958733,Arche - Léonard de Vinci,48.89790972494496,2.2383723043644914,28,24001,3,5,20,1695668240
2515802454,Charles de Gaulle - Sablonville,48.87991924860035,2.2763770446181297,26,22016,1,1,22,1695668123
648227675,Auguste Cain - Jean Moulin,48.82577028927573,2.3210415244102482,40,14136,8,2,29,1695667969
42566291,Miromesnil - La Boétie,48.87372241291653,2.315848097205162,35,8025,1,0,31,1695668251
1062206433,Chemin Vert - Fraternité,48.877141208359035,2.4461565166711807,20,32302,1,16,1,1695667809
129032910,Marseille - Beaurepaire,48.871624306962985,2.3639265082738348,55,10014,22,2,30,1695668245
82328045,Victoria - Place du Chatelet,48.857992591527,2.3469167947769,22,1002,0,0,22,1695668048
54000577,Arago - Glacière,48.83486054775774,2.3445770524322067,27,13002,2,3,21,1695668212
54001024,Parmentier - Abel Rabaud,48.86921273836114,2.371688821240712,52,11035,14,6,31,1695668244
94250567,Mairie d'Ivry-sur-Seine,48.81057120969284,2.3842826485633855,53,42010,33,15,1,1695668225
129078200,Parc Georges Brassens - Brancion,48.83227829269761,2.3022570088505745,29,15046,10,8,8,1695668249
649888071,Place Paul Eluard,48.7672039733195,2.4144977331161503,19,46001,8,7,4,1695668086
82563707,Exelmans - Michel-Ange,48.84309486651855,2.2597770800669053,33,16040,9,4,20,1695668084
129143598,Pierret - Madrid,48.882976576876565,2.260125767248034,28,22006,3,0,23,1695667796
213690847,Reims - Raymond Pitet,48.8888,2.296319,37,17028,9,0,26,1695668129
102333275,Saint-Vincent - Verdun,48.819211549234495,2.254007756710053,34,21301,5,2,26,1695667973
640629438,Aristide Briand - Gare de Bagneux,48.79387269664978,2.321148812770844,22,42302,2,4,15,1695668184
27363362,Seine - Flandre,48.886785741479684,2.3746193200349808,19,19029,10,7,2,1695668207
237624030,Mathurins - Auber,48.872988840744,2.3294984212276,36,9032,0,3,33,1695668240
6399,Hautpoul - Jean Jaurès,48.886393679436,2.3865414544355,32,19016,7,5,19,1695668234
213957917,Wilson - Métallurgie,48.909423010092326,2.3584435880184174,28,32003,3,7,18,1695668160
54000626,Madame de Sanzillon - Mozart,48.90379820774301,2.3187401890754704,22,21104,0,0,18,1695668244
210746090,Grand Prieuré - Crussol,48.864660627935,2.3692265531829,49,11042,19,1,27,1695668116
27414841,Square d'Anvers,48.882633484311,2.3448844062122,33,9005,8,1,23,1695668180
82253759,Mairie du 7ème,48.8577967,2.3192664,27,7102,3,1,23,1695668096
82457375,Volontaire - Lecourbe,48.8435137879902,2.3065522313117985,31,15013,26,2,0,1695668248
54000609,Laumière - Petit,48.88467368538326,2.380039058625698,34,19013,10,9,12,1695668101
647826568,Saint-Germain - Thenard,48.850571,2.3471015,31,5123,2,3,23,1695668177
213702608,Boyer - Ménilmontant,48.868895162679,2.3919824145635,19,20121,0,0,0,1526882385
214134714,Gare Arcueil - Cachan,48.799824,2.328171,26,42301,3,0,22,1695668230
54000553,Marignan - Champs-Elysées,48.869495661232,2.3066138139003,35,8013,1,0,32,1695668247
214139374,Gare RER de Gentilly,48.814280450380224,2.3410347104072575,30,42504,4,5,21,1695668250
17174681330,Quai du docteur Dervaux,48.910482,2.297998,26,26013,4,3,18,1695667990
213700358,Villiers de l'Isle Adam - Pyrénées,48.867362,2.396222,20,20111,0,7,12,1695668251
559507144,Place Jean Ferrat,48.8184945213025,2.3744174838066106,25,42015,0,2,22,1695668231
653063170,Place de la Porte de Paris,48.93009363207303,2.3564037680625916,40,32016,2,1,36,1695668097
3906215030,Place Amédée Gordini - Lefebvre,48.83061737745,2.2920634208276,38,15201,1,8,28,1695668245
129151834,Stalingrad - Désiré Chevalier,48.85670169739857,2.445072233676911,42,31010,5,14,23,1695668218
213694069,Flandre - Alphonse Karr,48.89465,2.381868,26,19008,1,3,22,1695668237
55664548,Charonne - Faubourg Saint-Antoine,48.852191909696,2.3740932717919,34,11004,11,2,18,1695668253
653200142,Hôtel de Ville de Nanterre,48.892371898250424,2.205548956990242,38,92008,19,8,11,1695668102
650091839,Victor Hugo - Ecoles,48.80476007936134,2.4180373930262093,25,41402,19,1,5,1695668239
362869414,Hôpital Bégin,48.84571672113014,2.4272462725639348,26,43003,2,2,22,1695667999
100859941,Raspail - Bac,48.855628721101,2.3256602883339,52,7005,4,1,46,1695668251
49368561,Jules Ferry - Faubourg du Temple Paris,48.868397,2.3678933,58,11036,22,4,30,1695668189
42743053,Stephenson - Doudeauville,48.888537048944826,2.3561610281467438,36,18012,9,3,21,1695668229
49859500,Charenton - Diderot,48.846171461187,2.3793068155646,18,12009,1,2,13,1695668238
213699913,Place de l'Édit de Nantes,48.88879,2.3785,30,19125,8,9,11,1695646026
101740379,Boulard - Daguerre,48.83446472680611,2.3293386027216907,45,14036,0,2,42,1695668131
4329844165,Tristan Tzara -  Tchaïkovski,48.89490221746837,2.3648490384221077,33,18201,5,7,20,1695667959
468843711,Saint Georges - d'Aumale,48.87778639599673,2.337429821491241,23,9021,7,3,11,1695668064
378626842,Anatole France - Louise Michel,48.88873214926474,2.2881576418876652,50,23009,14,5,28,1695668251
27414945,Montgallet - Charenton,48.842647778701,2.3861649278137,16,12027,3,2,9,1695668241
376664868,Gaston Roussel - Commune de Paris,48.89432034553156,2.432552274419542,30,32303,4,4,20,1695667969
2515927759,Stalingrad - Germaine Tailleferre,48.80257200481316,2.3786691203713417,28,42029,11,17,0,1695668206
27071684,Porte de Vincennes,48.846454,2.415514,33,12115,2,1,28,1695668073
205955605,Bienfaisance - Place de Narvik,48.87660163459077,2.3129771277308464,36,8035,1,1,33,1695668231
933214552,Guynemer - Séverine,48.83091743371036,2.2790706530213356,26,21313,14,0,12,1695667988
39217683,Alfred Roll - Berthier,48.887808570529,2.3000952981763,28,17102,8,3,16,1695667986
353462947,Richard Wallace - Place du 8 Mai 1945,48.87866794788021,2.2420343756675725,30,28001,10,4,15,1695668205
1559700274,Square Gilbert Thomain,48.90717373809284,2.2695400938391685,20,26007,2,9,8,1695668198
66491370,Jacques Callot - Mazarine,48.85528017533187,2.337574325501919,28,6013,0,1,25,1695667847
213688824,Faustin Hélie - Desbordes-Valmore,48.859403,2.276522,33,16111,1,1,25,1695667958
66491404,Flandre - Riquet,48.888013281448,2.3737595955229,21,19005,8,1,11,1695668233
210090269,Jean Macé - Faidherbe,48.85337548426,2.3828620836139,63,11007,25,8,28,1695668234
82337423,Varenne,48.857202661803,2.3152771219611,47,7015,0,1,43,1695667939
66491393,Dupleix - du Guesclin,48.85147910413369,2.296709530055523,47,15025,14,2,31,1695668213
1062223873,Ancien Canal - Hélène Brion,48.89484799296163,2.4188338592648506,23,35018,3,3,17,1695668156
49085250,Departement - Pajol,48.886674849730184,2.3613611608743668,19,18110,6,7,6,1695668056
478952881,Boulets - Voltaire,48.85218705621,2.3890301585197,24,11009,4,2,17,1695668107
66491392,Parmentier - Hôpital Saint-Louis,48.871379874257,2.3698963836667,43,10113,15,6,22,1695668065
2515907297,Pasteur - Gambetta,48.84572797384512,2.4236011505126953,19,41606,2,6,9,1695668188
66491401,Fragonard - Porte de Clichy,48.894155633419,2.3143893107772,56,17011,1,2,51,1695668130
341388492,Place des Ternes.,48.878438631226516,2.297727763652802,46,17045,1,5,39,1695668251
985828965,Place de Verdun,48.8202823,2.473775,40,43402,15,4,21,1695668067
338762459,Edouard Poisson - Victor Hugo,48.91118557052621,2.379864752692811,30,33018,10,7,11,1695668021
323486248,Montgallet - Reuilly,48.844291,2.3896481,16,12013,1,1,13,1695668195
38263504,Place Jacques Madaule,48.823933787309,2.2606918215752,25,21305,12,1,11,1695668249
501318622,Montreuil - Gonnet,48.850500564921,2.3890856287864,24,11115,16,3,5,1695668025
652120758,Place de la Porte de Châtillon,48.8242469,2.3186306,59,14021,0,0,59,1695668230
54000544,Jussieu - Fossés Saint-Bernard,48.84718551002347,2.3534858599305153,39,5021,0,1,34,1695668247
49403716,Commandant Rivière,48.872933,2.309796,27,8033,1,2,22,1695668228
470807791,Jardin d'Acclimatation,48.878772242510465,2.270772233605385,33,16121,0,0,31,1695668247
82445192,Gare Montparnasse - René Mouchotte,48.83920384329242,2.320883944630623,39,14117,0,0,39,1695668160
568135465,Paul Vaillant Couturier - Chaptal,48.893479576183,2.2775253653526,39,23001,0,3,35,1695668148
82450803,Square Cambronne,48.84756654526,2.3025691509247,59,15010,13,3,42,1695668239
214102967,Gare de Laplace,48.80893199114179,2.3349460959434514,43,41102,1,1,40,1695667873
54000597,Bayen - Pereire,48.881804409079656,2.2921088710427284,22,17037,1,2,17,1695668083
2515658032,Clignancourt - Sofia,48.88511992309783,2.34719488842051,19,18141,4,5,9,1695668188
210568512,Assemblée Nationale,48.861411014652,2.3201214185208,63,7009,0,2,60,1695668182
102319838,Quai de la Loire - Jean Jaurès,48.88339733854529,2.371074522980134,16,19004,3,4,2,1695668251
652192395,Route de Sèvres - Porte de Bagatelle,48.87525984132485,2.249415814876557,66,16124,21,3,41,1695668125
571923059,Bordier - Félix Faure,48.90390751882016,2.3830059170722966,48,33003,12,10,26,1695667860
54000635,Félix Faure - Sadi Carnot,48.90812110228388,2.378623187541962,33,33009,9,4,17,1695668137
66491405,Charonne - Avron,48.85160266522164,2.398403047037931,27,20043,3,3,19,1695668185
17992442278,Place du 8 Mai 1945,48.871552174017,2.2025031970585,0,25008,0,0,0,1690213778
1062179194,18 juin 1940 - Buzenval,48.868807,2.185428,25,25005,2,1,22,1695667907
1063017616,Mairie de La Garenne Colombes,48.90663823468682,2.24679596722126,22,22505,13,8,0,1695667960
378648513,Jean Colly - Tolbiac,48.827817291597846,2.3705490678548813,36,13045,6,10,20,1695668169
27278603,Porte de la Villette,48.89835196548483,2.386150136590004,27,19115,1,4,22,1695667781
13497763,Ouest - Château ,48.83617286014242,2.319392143923804,23,14034,1,0,22,1695667908
653042442,Place aux Étoiles,48.91835629408464,2.3523425683379173,40,32010,13,2,25,1695667898
49807107,Flandrin - Henri Martin,48.8643275,2.2724174,18,16018,0,0,18,1695668139
82417874,Alexandre Dumas - Voltaire,48.852888670365,2.3891476408096,59,11102,6,5,46,1695668131
210747224,Pirogues de Bercy - Libourne,48.832308,2.38637,49,12034,3,2,42,1695668189
357409723,Place Violet,48.84487893836502,2.2905756533145905,30,15033,15,6,4,1695668238
570185777,Gare de Courbevoie,48.8993867,2.2506506,35,24002,2,2,30,1695668117
54000571,Dugommier,48.838811048815,2.3896577954292,53,12201,38,8,0,1695668214
473204291,Victor Hugo - Magasins Généraux,48.903281401126755,2.368072383105755,34,33001,0,0,34,1695667850
27363103,Porte d'Auteuil,48.8479394142243,2.2608396783471107,33,16034,5,4,23,1695668240
85145704,Réunion - Avron,48.852566752033766,2.403928068708116,26,20132,5,2,18,1695668165
653044270,Claude Bernard - Arbalète,48.83976676978202,2.347510904073715,17,5114,0,0,16,1695668213
26958435,Square des Saint-Simoniens,48.8701796,2.3967273,25,20119,0,4,21,1695668128
6385,Petit - Manin,48.88650687534334,2.3938155401308374,22,19019,1,3,15,1695668149
210753033,Gare d'Austerlitz,48.842524,2.364044,14,13014,1,4,7,1695668250
82550925,Place des Marseillais,48.82663907252554,2.4059280753135686,37,42207,5,1,30,1695668167
85143075,Evariste Galois,48.873087537345,2.4133380129933,0,20120,0,0,0,1686838178
85165045,Place Jean-Baptiste Clément,48.81240466867336,2.3617091774940495,25,42707,12,4,7,1695667960
129119449,Ménilmontant - Pelleport,48.87068263384462,2.398959602331646,19,20036,0,5,14,1695668089
475524450,Chanzy - Sud-Est,48.888912037698766,2.195632159709931,25,92003,9,10,5,1695668167
653048150,Jussieu - Guy de la Brosse,48.845665,2.355653,40,5119,1,0,39,1695668130
244400797,Jean Lolive - Parc Stalingrad,48.89206174403158,2.4091735482215886,22,35009,6,4,12,1695667870
213922790,Champeaux - Gallieni,48.864459134684644,2.4161778017878532,50,31705,0,4,44,1695668107
129001431,Courcelles - Place des Ternes,48.878199928923124,2.2992860188665043,31,8055,0,0,30,1695668252
653203262,Parc Pierre Lagravère,48.92650488131725,2.239069678491417,30,27002,12,0,16,1695667943
406806401,Guichet - Jean Jaurès,48.905169868129036,2.3023840785026555,28,21109,19,3,5,1695668153
1063035479,Parvis Robert Schuman - Roger Salengro,48.812657470558754,2.1921751275658607,24,23701,1,2,21,1695667678
54000595,Navier - Epinettes,48.89587780769155,2.3226776719093327,36,17007,14,8,14,1695668202
82571110,Verdun - Place Henri IV,48.870797375639214,2.2277003154158592,26,21502,2,9,15,1695668045
54000582,Edgar Quinet - Gaité,48.84116092896631,2.32459545135498,27,14001,0,3,23,1695668244
217235307,Place Carnot,48.85593932186797,2.441531717777252,25,31012,12,4,5,1695668246
210748575,Gravelle - Route du Bac,48.824407,2.418455,51,12126,9,4,38,1695668252
82421994,Gare de Bercy,48.839794573906,2.3826066032052,35,12024,5,2,26,1695668244
129086648,Ceinture du Lac Inferieure - Saint-Cloud,48.86218070933143,2.2617871686816216,42,16129,1,0,41,1695668079
217572769,Anatole France - Jean Lolive,48.8949922,2.4253764,28,35019,3,3,21,1695668249
214298601,Boyer-Barret - Raymond Losserand,48.83329880233322,2.3173383995890617,23,14104,2,1,19,1695667942
129125489,Piat - Parc de Belleville,48.87195626635528,2.384981390278095,21,20113,1,2,18,1695668198
215495494,Batignolles - Place de Clichy,48.883474535757,2.326493114233,47,8012,4,2,40,1695668219
214122655,Lagny - Joffre,48.84930687084088,2.417949736118317,31,41604,4,1,26,1695667862
82458977,Place Falguière,48.83629973941847,2.3104464635252953,23,15017,4,4,13,1695667869
129077035,Emeriau - Place de Brazzaville,48.850785261674964,2.2871585190296173,51,15029,26,1,21,1695668196
15461933,Parc Monceau,48.881077914129,2.3095492646098,18,17018,0,1,15,1695667871
653046029,Place Valhubert,48.844182577315,2.3640366643667,37,5116,2,0,29,1695668080
216473073,Tardieu - Chappe,48.884146759782,2.341845408082,18,18005,2,12,4,1695668228
37521,Petites Ecuries - Faubourg Poissonnière,48.87397217237368,2.348388757504776,17,10005,7,0,7,1695668027
2515976231,Nanterre - Université,48.901365,2.212693,20,92004,4,3,13,1695668105
129103849,Francoeur - Marcadet,48.89104123261663,2.340014585442034,20,18020,5,11,4,1695668241
1057009034,Henri Chevreau - Couronnes,48.87033205312931,2.388777695596218,27,20136,1,2,24,1695668181
82334007,Pascal - Claude Bernard,48.839061952159746,2.3499782010912895,49,5026,16,5,25,1695668163
214146056,Vignerons - Minimes,48.841486,2.430793,29,43006,9,8,8,1695668205
15308782,Sommerard - Saint-Jacques,48.850310432924466,2.345015835298588,34,5002,2,1,28,1695668113
85008390,Grenelle - Dr Finlay,48.851315406715976,2.2919502854347233,71,15028,18,1,50,1695668065
216039437,Lamennais - Washington ,48.87352990026496,2.303444892168045,26,8102,0,0,18,1695668164
43155320,Porte d'Orléans,48.8227639,2.3249313,48,14018,6,3,38,1695668253
221047138,Pierre et Marie Curie - Julien Grimau,48.870714014863225,2.424097023904324,18,31702,2,3,13,1695667909
35196898,Gare d'Austerlitz - Quai Saint-Bernard,48.84369030864,2.3657163977623,27,13104,0,0,27,1642540077
129130397,Pierre Grenier - Pont de Billancourt,48.8258020742942,2.2487989068031315,21,21013,18,3,0,1695668204
653129412,Vladimir Ilitch Lénine - Andrée Chedid,48.813240124373,2.3319716067039,31,42503,8,12,9,1695668242
54000634,Bineau - Louise Michel,48.88666162207,2.2843274474144,0,23011,0,0,0,1688614813
419381597,Professeur René Leriche - Général Leclerc ,48.90782845483013,2.307887971401215,50,21111,6,3,40,1695668138
27414601,Saint-François-Xavier,48.85154484769,2.3146149516106,42,7014,3,1,37,1695668160
54000548,Quai Voltaire,48.858942986179,2.3314182047146,32,7006,6,2,22,1695668245
54000466,Uzès - Montmartre,48.870790980240706,2.3431010171771054,29,2010,0,2,27,1695667930
426772876,Ledru-Rollin - Charonne,48.85345855607243,2.3772463581947094,32,11114,16,5,5,1695668231
74620630,Parc de Belleville - Julien Lacroix,48.8703459,2.3842214,26,20040,3,5,17,1695667863
129091653,Gare de Pont-Cardinet,48.88713901475306,2.314494143994255,34,17017,3,0,29,1695668055
129036192,Gare de l'Est - Verdun,48.876156054271,2.3609149083206,14,10023,0,2,9,1695668113
129134084,Morice - Général Leclerc,48.90245471981591,2.3128929734230046,25,21105,19,2,4,1695668156
11004671601,Capitaine Glarner - Gabriel Péri,48.902449900418745,2.3304807533425724,27,34002,17,4,4,1695668028
210754072,Place Jean Delay,48.823316,2.354336,35,13026,7,6,21,1695668252
419991048,Pont de Levallois-bécon ,48.8984179,2.2791311,50,23002,1,0,49,1695668173
2820744873,Pierre Larousse - Raymond Losserand,48.83059564231877,2.3119183257222176,30,14139,9,1,19,1695667657
213676825,Pitié-Salpêtrière,48.83748810318667,2.365213818848133,51,13102,0,0,50,1695668218
15299574,Charles Delescluze,48.85242200848887,2.380632497370243,49,11101,33,14,1,1695668201
41566122,Vasco de Gama,48.83671783466264,2.283664085650799,54,15055,25,2,25,1695668223
963786819,Jonquoy - Didot,48.82890454823947,2.31648076325655,30,14130,3,4,21,1695668250
427678168,Lucien Sampaix - Récollets,48.874330377560476,2.3621229082345963,46,10015,3,3,39,1695668031
976762284,Place du Général de Gaulle,48.8525288,2.4877332,28,41207,1,1,24,1695668137
213686196,Lauriston - Copernic,48.86926,2.289918,19,16006,0,2,13,1695668010
82421013,Charenton - Place du Col Bourgoin,48.844867319554,2.3825789350545,35,12011,15,5,13,1695668253
434419150,Bara - Henri Farman,48.833218027457846,2.2677567601203923,36,21308,2,0,32,1695667902
252339799,Edouard Vaillant - Paul-Adolphe Souriau,48.83484585882868,2.2479459643363957,28,21019,2,0,26,1695668002
224589573,Michelet - Assas,48.84274150283194,2.335021197795868,18,6018,0,1,17,1695668234
220502135,Porte Dorée,48.8354337,2.4077132,36,12032,6,2,26,1695668239
129114993,Belleville - Porte des Lilas,48.87660391892763,2.404769691129476,32,19037,0,7,25,1695668240
129124069,Haxo - Surmelin,48.8694370761222,2.40539657537972,21,20109,0,2,17,1695667856
221094844,Place Alphonse Deville,48.850188262662,2.3275961726904,23,6107,0,0,23,1695667999
220726050,Mézières - Rennes ,48.85023459321703,2.3303819820284843,55,6103,2,1,52,1695668176
254224239,Place Adolphe Cherioux - Vaugirard,48.83959442800459,2.3010657727718353,63,15038,22,8,31,1695668233
1805401614,Sèvres-Gallieni,48.837809408957,2.2281519323587,27,21032,1,1,24,1695668219
129116697,Tanger - Place du Maroc,48.8862524447104,2.3689296841621403,19,19109,1,7,10,1695668034
977409509,Vincennes - Douy-Delcupe,48.85493692155721,2.436049282550812,38,31019,7,4,27,1695668041
653055049,Place du Cornillon - Stade de France,48.92540695835961,2.3644426837563515,34,32014,9,6,19,1695668214
221041655,Porte de Clignancourt.,48.897488,2.343996,56,18032,1,3,48,1695668238
1057769632,Porte de Saint-Ouen - Henri Huchard,48.898708366365064,2.3295360803604126,26,17124,2,0,23,1695668008
1333959209,Génie - Mozart,48.794902381218904,2.3734183609485626,19,44012,1,6,12,1695668068
213690256,Place du Maréchal Juin - Péreire,48.885263,2.298286,46,17027,7,2,32,1695668150
476183970,Gare de l'Est - Place du 11 Novembre 1918,48.876327,2.3585464,40,10165,2,3,32,1695668120
632007124,Lucie Aubrac - Franklin,48.86223916006812,2.4435862898826604,36,31016,3,4,27,1695667894
977206088,Hôtel de Ville d'Argenteuil,48.946504,2.2496396,30,51003,6,9,15,1695667921
213868408,Gare Routière de Saint Cloud,48.84288183896324,2.222245037555695,31,22101,12,0,18,1695667853
129061615,Primo Levi - Frigos,48.83094844846017,2.37965351592796,34,13016,2,3,26,1695668145
43165673,Belfort - Voltaire,48.8563358,2.3829901,39,11020,19,14,6,1695668141
224598098,Dunois - Clisson,48.832294,2.3674523,51,13043,3,2,45,1695667676
82381710,Batignolles - Rome,48.881823370566806,2.3202589899301524,15,8051,4,2,8,1695668137
10968855,Colonel Monteil - Brune,48.82650293311,2.3092747998272,19,14122,1,2,16,1695668004
82508970,Verdun - Adrien Damalix,48.8222334178559,2.4215328320860863,26,44102,6,1,18,1695667652
653055097,Milton - Manuel,48.878249,2.341181,22,9115,12,3,6,1695668172
221038698,Mahatma Gandhi,48.876356,2.264205,26,16123,2,1,22,1695668167
27246227,Edouard Pailleron - Simon Bolivar ,48.87979886049996,2.374839261174202,24,19039,0,4,20,1695668029
63297,Eglise d'Auteuil,48.84749841771691,2.26848387135299,21,16032,3,3,14,1695668084
95927849,Jean Jaurès - Jean Baptiste Clément ,48.84576261454011,2.2369650006294255,24,21003,19,0,5,1695668229
102341385,Château - Bineau,48.890404028589806,2.270106375217438,23,22001,3,1,18,1695668160
54000605,Mairie du 18ème,48.892939296937605,2.3445510864257812,40,18025,16,3,18,1695668253
979059925,Bridaine - Lamandé,48.8862074,2.3206239,29,17122,1,5,23,1695668182
6512,Porte de Ménilmontant,48.8691543609174,2.40932246879487,15,20027,0,1,14,1695661731
27363323,Laffitte - Italiens,48.871815737396,2.3372015478451,33,9023,0,2,30,1695667979
85118872,Indre - Prairies,48.86254398506782,2.403290458023548,38,20021,1,12,25,1695668251
129145892,Paris - Désiré Préaux,48.85742876694898,2.4323049187660217,49,31007,5,11,31,1695668142
102289046,Lourmel - Marie Skobtsov,48.844974,2.287283,22,15108,19,1,2,1695668103
124402232,Belleville - Télégraphe,48.8756045,2.3995549,41,19040,0,8,33,1695668168
985086307,Gare d'Asnières sur Seine,48.90636459217474,2.2835066914558415,24,26001,10,6,7,1695668248
27415327,Courcelles - Pierre Demours,48.883769733273496,2.29858466343129,26,17047,4,1,20,1695668192
100798076,Danton - Serpente,48.85229736258167,2.3414132371544834,22,6016,2,2,17,1695668223
1063404053,République - Danton,48.85249172181667,2.462034523487091,20,41204,1,13,5,1695668080
54000598,Mac-Mahon - Brey,48.877532084130166,2.294512536052928,25,17046,3,3,18,1695667961
989753852,Square des Epinettes,48.89383909781389,2.325953990221024,20,17121,13,6,1,1695668235
990000217,Les Planètes ,48.8099849920804,2.4580853059887886,16,47006,10,6,0,1695668208
121025345,Chabrol - d'Hauteville,48.87701838803332,2.3513179644942284,11,10020,3,2,5,1695668159
213692714,Lepic - Armée d'Orient,48.88753640381415,2.334307730197907,24,18113,2,3,18,1695668079
82577019,Cité des Sciences et de l'Industrie,48.89659571178903,2.384599149227142,30,19009,5,1,24,1695668202
39256416,Pajol - Riquet ,48.88960028134536,2.3628534749150276,47,18109,23,22,0,1695668214
255207155,Lassus - Delouvain,48.8755044846,2.3890327325519,20,19038,1,3,15,1695668177
63769334,Emile Blemont - Poteau,48.8943782,2.3415122,39,18029,7,10,21,1695668058
129136818,Square du Carrefour de l'Insurrection,48.820864559770676,2.291113436222077,23,21703,3,8,11,1695668112
653080986,Toffier Decaux - Cartier Bresson,48.90165072551549,2.4017545580863957,18,35017,4,2,12,1695668225
27415469,Orteaux - Mouraud,48.85558642847872,2.408762907764669,24,20118,2,6,13,1695667988
39599631,François Ponsard - La Muette ,48.8583666,2.2744515,23,16021,0,0,23,1695668233
84979504,Provence - Chaussée d'Antin,48.87428447542072,2.332976511564311,25,9031,0,0,23,1695667847
653059015,Bellefond - Maubeuge,48.878255397645,2.3452642187476,31,9117,8,1,22,1695668251
85120104,Pelleport - Belgrand,48.86500081847653,2.403980836377493,15,20023,4,0,11,1695668195
37936869,Assas - Vaugirard,48.848274111398,2.3292413726449,35,6030,0,0,35,1695668221
101748685,Place Etienne Pernet,48.84243457133779,2.2921819612383847,43,15035,30,4,8,1695668235
54000608,Porte d'Aubervilliers,48.89859661942376,2.3689722642302513,55,18049,0,0,51,1695668252
66491394,Square Saint-Ambroise,48.860934,2.375841,43,11041,17,3,18,1695668225
102743096,Sadi Carnot - François Mitterrand ,48.87532687671517,2.4241617321968083,27,31703,1,14,12,1695667980
126175087,Gabrielle Josserand - Edouard Vaillant,48.90271566255436,2.3933270573616032,25,35003,8,4,12,1695668104
101746493,Théâtre - Lourmel,48.8482070397636,2.2898658737540245,53,15031,26,2,25,1695668231
27363137,Hameau Fleuri - Marché,48.831448892608314,2.2412404417991643,22,21014,16,6,0,1695667889
339797666,Charles de Gaulle - Jean Lolive,48.8932644350857,2.4126765131950383,26,35014,5,1,18,1695668229
82404497,Ledru-Rollin - Place du Père Chaillet,48.856433706943704,2.379020587761426,37,11006,29,4,2,1695668217
1968156458,Ecole Vétérinaire,48.81488859822486,2.4224362157778994,36,47005,29,1,5,1695668191
991351798,Aubervilliers - Curial,48.89088305227546,2.3688579350709915,23,19127,2,3,18,1695668144
7304,Bassano -  Iéna,48.868144510482075,2.296149600985935,15,16015,0,0,15,1695667801
54000592,Balard - Montagne de la Fage,48.83850740333351,2.2782871127128606,36,15070,16,1,18,1695668235
1002738770,Lavandieres Sainte Opportune - Rivoli,48.859279702476,2.3466217517853,27,1120,5,3,17,1695668249
54000572,Diderot - Pierre Bourdan,48.847648620797,2.3902582749724,21,12107,3,0,17,1695668216
15409531,Méchain - Faubourg Saint-Jacques,48.83586772099485,2.33798034198275,16,14112,0,1,15,1695668078
29327,Stade Auguste Delaune,48.80896378683884,2.4345204234123234,21,47004,15,6,0,1695668233
36298,Jean-Baptiste Pigalle - La Bruyere,48.87939826447722,2.333709173337285,17,9026,1,3,13,1695668201
37903195,Transvaal - Charles de Gaulle ,48.848280403628806,2.2373420120857195,27,21001,2,3,21,1695668240
102313219,Belliard - Damrémont,48.89669238777841,2.338023450388167,34,18033,10,7,12,1695668147
100906707,Boulets - Faubourg Saint-Antoine,48.849259262115,2.3917546141943,43,11010,13,1,28,1695668135
624177860,Route de la Muette - Porte de Neuilly,48.8798926,2.2587671,50,16122,1,1,46,1695668007
27369223,Maine - Antoine Bourdelle,48.84308531746595,2.320263946784738,17,15002,0,0,17,1695668115
102336814,Kléber - Gouverneur Général Eboué,48.826885843069796,2.2723413258790965,24,21310,19,4,1,1695668211
484423835,Président Wilson - Jean Jaures,48.89034054052266,2.2920683026313786,27,23007,22,3,1,1695668145
54000618,Pyrénées - Maraîchers,48.85714001395299,2.4043509364128113,19,20016,7,11,1,1695668171
653059879,Gare RER de Saint-Denis,48.93554324248177,2.3471488058567047,40,32015,26,7,6,1695668116
210583589,Place Jacques Bonsergent,48.870948218595,2.3612049221992,33,10010,16,6,5,1695668168
653050378,Square René Viviani - Montebello,48.851904891406384,2.347842156887055,34,5121,6,0,26,1695668174
15291968,Place de Passy,48.85780291711202,2.277500546942199,15,16043,0,3,10,1695668192
66491407,Haies - Réunion,48.85386896766491,2.402426162238911,22,20116,4,2,16,1695668046
15387809,Mozart - Jasmin,48.85286124871689,2.268483570651513,62,16027,5,0,56,1695668076
100918666,Place Pasdeloup,48.862654215631,2.3670325062844,21,11043,12,1,7,1695668036
1002059045,Pont Neuf - Rivoli,48.860089892617,2.344057559967,27,1117,1,1,24,1695668249
129101773,Caulaincourt - Place Constantin Pecqueur,48.8896779050281,2.33817871442611,44,18017,1,5,33,1695668127
213987795,Wilson - Landy,48.91516726221354,2.357633225619793,40,32004,7,5,28,1695667916
15397468,Maison de Radio - France,48.85132886434057,2.277785539627075,47,16029,27,1,17,1695668156
84966359,Naples - Rome,48.879960700846226,2.321358695626259,26,8019,4,2,17,1695668030
42908639,Lallier - Trudaine ,48.88109246617963,2.3408224806189537,29,9017,3,2,23,1695668188
125469898,Square Léon,48.88667396788626,2.353205569088459,33,18008,2,5,26,1695668178
52329,Chernoviz - Raynouard,48.8569864146289,2.282173218142987,37,16112,1,0,34,1695668072
912377361,Diderot - Reuilly,48.847208456061,2.3861273378134,44,12161,10,2,29,1695668137
85162552,Fontainebleau - Edmond Michelet,48.80956436844049,2.3626908659935,45,42703,7,3,34,1695668253
54000586,Pernety - Raymond Losserand,48.834254627953,2.317609339387,32,14030,1,3,28,1695668223
2515738489,Eugène Reisz - Davout,48.85631874632638,2.410396970808506,20,20201,2,3,12,1695668054
256561528,Eugène Oudiné - Dessous Des Berges,48.8256423,2.3750226,44,13046,26,3,12,1695668156
452920451,Mont Valérien - Michel Salles,48.8561915,2.2152966,24,22102,0,2,20,1695668229
37920,Traversière - Ledru-Rollin,48.850735824128805,2.375870111706245,34,12004,24,4,3,1695668240
42499285,Petit Palais,48.8667692,2.3157655,46,8001,1,0,45,1695667739
54000588,Gare Montparnasse - Vaugirard,48.8418071798797,2.31951002690117,66,15003,0,0,64,1695668251
1020700136,Neuve Saint-Pierre - Beautreillis,48.85355351439652,2.3639122769236565,20,4110,11,3,6,1695668216
100855693,Sabot - Rennes,48.852575112948415,2.331552766263485,26,6032,1,0,24,1695668201
17527110170,Stade Gaston Bouillant,48.939958667023,2.3279571813836,30,23903,0,0,30,1693343375
102304517,Pereire - Place de Wagram,48.887070607581215,2.304111124531457,46,17022,5,3,38,1695668248
128889359,Champ de Mars - Cler,48.856691550115315,2.306646779179573,41,7020,21,5,15,1695668239
256124192,Belleville - Pyrénées,48.8741908,2.3860039,42,19041,2,8,30,1695667827
210737808,Aqueduc - Villette,48.883886063895,2.367198803315,28,10036,6,4,16,1695668197
17526921983,Mairie de Sceaux,48.778916905132,2.2887361764861,33,23304,2,2,28,1695667833
54000546,Sénat - Condé,48.84954227788459,2.337939441204071,33,6017,2,1,29,1695668185
129042700,Granges aux Belles - Hôpital Saint-Louis,48.874794994841274,2.366669436984963,60,10114,7,2,49,1695668067
35137730,Hôpital Pitié Salpêtrière,48.8377016,2.3604946,50,13103,0,1,49,1695668158
27364581,Parc de Choisy,48.828156251575,2.3585135329033,0,13122,0,0,0,1688643072
259977414,Palais des Sports,48.833468517426,2.2858720645308,22,15107,6,0,16,1695667808
54000549,Villersexel - Saint-Germain,48.858297001218,2.3237934708595,16,7008,0,1,14,1695667970
653127524,Gustave Eiffel - Parc des Impressionnistes,48.90390619651018,2.2946908324956894,30,21114,23,6,1,1695668226
2515686699,Borrégo - Gambetta,48.87330497045532,2.4014145880937576,25,20137,0,3,22,1695668031
17527065847,Chateau,48.774661399959,2.3135878035462,22,23403,10,5,7,1695668078
82568336,Jeanne Hornet - Girardot,48.873802681432146,2.427820265293122,29,31704,1,2,23,1695667997
18175885970,Porte Maillot - Perreire,48.878021154637,2.2842371277102,0,17201,0,0,0,1694443167
54000611,Manin - Simon Bolivar,48.87649965412676,2.379407362599104,26,19023,0,4,18,1695668138
66491408,Calmette,48.88104925098552,2.424993216991425,32,32603,1,9,20,1695668073
100872260,Duroc - Place de Breteuil,48.847460641142,2.3126140236855,42,7013,3,3,31,1695668144
36151,Favart - Italiens,48.871446353921,2.3382901058508,17,2013,1,0,15,1695668163
213848056,Parvis Corentin Celton,48.82747252522725,2.2784319519996648,55,21311,50,3,2,1695668214
452936197,Bois de Vincennes.,48.8338064,2.4132221,60,12041,4,0,53,1695668031
54000545,Parc André Citroën,48.840639944296655,2.2780618071556096,65,15059,28,2,34,1695668195
66505511,François 1er - Montaigne,48.866887649978,2.3066755757207,29,8038,0,0,29,1695668134
66491386,Surcouf - Université,48.861273016278126,2.309453550914185,58,7016,1,1,53,1695668205
1023083417,Ney - Charles Hermite,48.89874803977525,2.3645754531025887,20,18138,6,2,10,1695668229
224256188,Beaujon - Wagram,48.875352455985,2.2964416444302,29,8056,1,3,23,1695668239
54000541,Vieille du Temple - Francs Bourgeois,48.858256413365815,2.35821794718504,29,4013,19,3,5,1695668248
101490103,Saint-Jacques - Tombe Issoire,48.833206330538864,2.3369108140468597,23,14006,1,3,17,1695667836
54000539,Hôtel de Ville - Pont-Marie,48.85389964552738,2.356947250664234,36,4011,14,4,17,1695668190
1025995767,Hôtel de Ville de Champigny sur Marne,48.813810628405,2.5096759200096,21,45001,17,2,2,1695668221
1034242363,Place François Mitterand,48.86492782016328,2.442958317697048,34,31023,2,2,29,1695667947
544249939,Raspail - Chomel,48.852233164303,2.3266580700874,49,7101,0,0,47,1695668065
82432573,Porte d'Ivry,48.82176874759649,2.3688706755638127,50,13041,1,3,45,1695668209
1021553839,Faubourg Poissonniere - Delta,48.882555807626765,2.3497482016682625,36,9118,6,3,27,1695668251
1021176825,Billancourt - Général Leclerc ,48.8322649,2.2380413,22,21024,3,2,16,1695667608
653065577,Gare du Nord - Demarquay,48.881154,2.358411,30,10163,3,2,24,1695668211
256403519,Place Pigalle,48.8827555,2.3361566,21,18042,3,3,15,1695667890
335780498,Greneta - Sebastopol,48.865242333228,2.3516669869423,32,2001,8,2,19,1695668174
484387018,Place du Maquis du Vercors,48.877321579493575,2.4083782732486725,31,20019,0,0,31,1695667940
1035816937,Poissonniers - Nord,48.892511213520656,2.3522228747606277,28,18137,4,5,18,1695668213
66507229,Reims - Porte d'Asnières,48.891834448210986,2.300144659954865,26,17116,3,3,20,1695668164
27415012,Bercy.,48.839966914994,2.3788625746965,66,12108,5,8,50,1695668027
263610599,Centenaire - Sorins,48.85853523359734,2.4273508787155156,45,31013,1,4,38,1695668144
49772483,Damrémont - Caulaincourt,48.88714509078738,2.3325880989432335,18,18001,0,5,13,1695668074
653066427,Franciade - Gabriel Péri,48.93261499331498,2.355954498052597,26,32018,5,4,16,1695668232
129089749,Brochant - Square des Batignolles ,48.88818698581028,2.316861143151153,31,17016,11,0,20,1695667997
82587428,Dupont de l'Eure - Gambetta,48.8679385,2.4003649,31,20202,0,8,22,1695668107
27415297,Square Raymond Souplex,48.89183721478911,2.335426103165901,52,18019,5,15,30,1695668146
100770878,Poissy - Saint-Germain,48.84969649427,2.3529685288668,25,5019,14,3,5,1695668244
54000607,Convention - Saint-Charles,48.84315611111599,2.2831090539693832,19,15063,17,0,1,1695668239
13283986,Keller - La Roquette,48.8555508,2.3752778,34,11003,28,3,3,1695668131
100910836,Parmentier - Fontaine au Roi,48.86787670551736,2.372705978671471,48,11034,27,9,10,1695668222
27363256,Thérèse - Opéra,48.866483514509,2.3344334212238,25,1016,1,0,24,1695668207
6515,Rougemont - Poissonnière,48.871611569354755,2.345873080193996,30,9012,1,1,26,1695668020
41523981,Mairie du 15ème,48.8417762,2.2986539,32,15020,20,3,6,1695668192
1034247348,Place des Larris,48.8568363,2.4780236,34,41206,1,3,30,1695668239
39536951,Vistule - Choisy,48.82365543660611,2.3615723848342896,33,13113,3,4,26,1695668226
35089539,Manin - Crimée,48.8831217743719,2.3863670602440834,23,19031,1,9,10,1695668253
27415169,Nationale - Marcel Duchamp,48.82463749337136,2.3678014799952507,23,13114,1,1,21,1695668250
15412563,Square Desnouettes,48.83476837934194,2.284142297394666,22,15061,11,2,8,1695668230
30179848,Saint-Blaise - Mouraud,48.85696177597818,2.40869477391243,27,20017,2,2,22,1695668198
27363029,Charonne - Philippe-Auguste,48.855603162026,2.39054639062,32,11019,12,3,13,1695668203
484889494,Hôtel de Ville de Levallois Perret,48.89314451997415,2.2888818383216862,26,23008,22,4,0,1695668219
27415285,Place de Finlande,48.862408335967,2.3113624379039,25,7026,2,0,21,1695668101
100902274,Roquépine - Malesherbes,48.87345073390807,2.320404499769211,37,8015,1,1,34,1695668240
15414455,Paul Doumer - La Tour,48.860116109626574,2.280840481911055,34,16016,1,2,31,1695668234
78348185,Mairie de Clichy,48.903653634661,2.3059353232384,51,21108,24,6,21,1695668182
36003,Pont de Lodi - Dauphine,48.855296898603285,2.339947307565249,23,6014,4,0,17,1695668228
27415215,Romain Rolland,48.820215229662765,2.3234144234418346,25,14116,3,2,20,1695668175
263732151,Gambetta - Michelet,48.85273792380526,2.429966032505036,33,31018,6,6,20,1695668102
1036199130,Les Juilliottes,48.8043072,2.4437362,21,47002,8,2,11,1695668199
129161858,République - Henri Barbusse,48.90661553626751,2.389432489871979,32,33005,16,8,7,1695668218
653035822,Jeûneurs - Mulhouse,48.868997,2.346925,28,2110,6,2,19,1695668096
27414460,Danielle Casanova - Place Vendôme,48.86826649822326,2.3304839059710503,37,1022,0,1,35,1695668202
76488849,Fernand Braudel - Vincent Auriol ,48.83637852318147,2.3723404482007027,36,13019,1,0,33,1695668251
75313725,Ferrus - Saint-Jacques,48.8313878,2.3408563,34,14007,7,2,24,1695668114
653069115,Claude Vellefaux - Sambre et Meuse,48.875022,2.370478,34,10164,4,0,30,1695668038
82419429,Faidherbe - Dahomey,48.851358329771806,2.383823134795429,44,11107,16,2,24,1695668223
349750111,Bleue - Trévise,48.87578906564573,2.347289621829987,30,9113,4,3,21,1695668035
52453,Le Vau - Maurice Bertaux,48.86803439043193,2.411030612453627,25,20103,0,0,25,1695668245
210389577,Daunou - Louis le Grand,48.869113,2.332515,17,2014,0,1,15,1695668130
15401095,Versailles - Claude Terrasse,48.84021933807409,2.263834191152959,46,16041,17,3,24,1695668211
1055553396,Mornay - Sully,48.84970399548416,2.364460788667202,15,4109,6,4,2,1695668238
210394523,Porte Saint-Martin,48.86860172112996,2.35570102930069,34,3101,2,3,28,1695668166
1036226943,Parc de Sceaux - Centre-Ville,48.7769529826096,2.2957214713096623,33,23302,3,6,24,1695668227
66505513,François 1er - Lincoln,48.869517979344,2.3024262188416,31,8105,0,1,29,1695667920
66491371,Pierre Sarrazin - Saint-Michel,48.85090814639774,2.3421307280659676,33,6031,0,0,32,1695668247
1056959071,Place Mireille Havet,48.850533,2.383756,43,11048,33,1,7,1695668253
486833337,Bachaumont - Montmartre,48.86617395079137,2.3449775576591496,33,2101,6,0,27,1695668212
1055541632,Place Tony de Graaff,48.8181645,2.2458109,42,21952,11,4,27,1695668112
60667075,Georges V - François 1er,48.87034,2.30082,22,8049,0,0,22,1695668078
606669250,Square Georges Melies,48.84070239213081,2.409667745232582,40,12154,6,3,29,1695668204
66491368,Sorbonne - Ecoles,48.849686566191,2.3434996604919,50,5030,0,1,46,1695668051
15383032,Place du Canada,48.865346269362675,2.310193787964762,39,8029,1,0,38,1695668179
54000561,Lamartine - Faubourg Montmartre,48.87661398289084,2.339765690267086,32,9015,5,4,20,1695668252
17638171254,Charles de Gaulle - Louis Philippe,48.881742142181,2.2710045335353,28,22017,2,0,25,1695667987
54001190,Mairie du 19ème,48.88256264247959,2.3812624812126164,27,19021,1,4,19,1695668121
54000567,Montreuil - Voltaire,48.850507011842,2.3930755582745,34,11012,20,4,8,1695668249
82569809,Jardin Marguerite Long,48.8816985773914,2.2836575657129288,22,17104,1,0,18,1695668193
460558111,Square du Bataclan,48.8633762,2.3711327,20,11044,12,3,2,1695668149
266052390,Melun - Jean Jaurès,48.8837796723475,2.376477420330048,28,19030,16,11,0,1695668220
37952191,Jean Jaurès - Reine,48.84009622558849,2.239872515201569,31,21004,4,0,27,1695668061
34300292,Argenson - Château,48.888559314669514,2.2642001509666447,25,22002,2,2,21,1695668245
82554786,Place de l'Eglise - Pantin,48.892809461520265,2.4124351143836975,30,35008,4,5,21,1695668228
268976295,Butte aux Cailles - Esperance,48.82758774190948,2.3492151126265526,36,13022,1,2,33,1695668082
27415444,Louis Ganne - Davout,48.86338720692607,2.409725748002529,30,20045,1,0,29,1695667967
84983562,Roquette - Folie Regnault,48.859246959155485,2.386553623578705,52,11110,27,9,16,1695668215
129081441,Vignes - Boulainvilliers,48.856399483950504,2.275240458548069,21,16031,0,0,21,1695668238
1056986761,Terroirs de France - Lheureux,48.83212027074841,2.388618104159832,55,12153,0,0,53,1695668056
41610121,Censier - Jardin des Plantes,48.84107178161383,2.355475388467312,28,5028,5,3,13,1695668253
82566934,Brochant - Clichy,48.89032998912038,2.319730559929781,53,17005,13,7,30,1695668148
82590367,Place Marcel Sembat,48.83328865030686,2.2441747784614567,56,21017,0,3,51,1695667949
43219958,Odessa - Départ,48.842885590081,2.3244281485677,39,14127,0,1,37,1695667945
35106544,René Coty - Parc Montsouris,48.82479134498032,2.336124926805496,55,14016,3,5,47,1695668049
267976590,François Truffaut - Saint Emilion,48.83372354344807,2.386601903271428,66,12033,2,1,59,1695668001
1056965116,Lac Daumesnil - Saint-Maurice,48.82774555743318,2.4183654785156246,50,12120,1,3,46,1695668153
54000630,Madeleine Michelis - Roule,48.88260431301364,2.2773634269833565,25,22012,1,4,18,1695668235
1599921040,Jessaint - Marx Dormoy,48.88484543106364,2.358930408954621,30,18142,3,4,22,1695668129
129096696,Léon - Doudeauville,48.88832421845225,2.353573372638597,13,18014,3,5,4,1695667987
82573931,René Binet - Porte de Montmartre,48.89905109950848,2.3365534096956253,37,18035,4,1,30,1695668126
82436057,Moulin de la Pointe,48.82092946051445,2.3563179373741145,22,13110,9,7,6,1695668206
11851037297,Sèvres Rive Gauche,48.821443218278,2.2150785306885,33,23105,0,0,33,1695667970
269953055,Quai Marcel Boyer - Victor Hugo,48.82255636666729,2.392039597034455,29,42011,7,4,16,1695668147
82448637,Suffren - Pérignon,48.84717561492764,2.307052147596786,46,15009,13,2,30,1695668219
271540743,Gare de Clichy-Levallois ,48.89679827481989,2.2984680533409123,26,23005,0,2,24,1695668207
11851327865,Docteur Calmette - Martre,48.898969358483,2.3086513252383,30,21120,3,3,23,1695667790
13372702,Saint-Fargeau - Mortier,48.87266656122256,2.407912909984589,33,20117,0,1,31,1695667819
1599931563,République - Auguste Perret,48.78695280952244,2.3518594354391094,30,48009,0,0,28,1695668241
15411223,Dareau - Broussais,48.8307758,2.3361804,24,14125,4,4,15,1695668050
85152599,Le Corbusier - Jean Jaurès,48.83780830557548,2.2408381104469304,46,21009,2,0,42,1695668123
66491406,Cours de Vincennes - Davout,48.847238029966,2.4107042336225,48,20047,1,1,45,1695668220
30550,Mairie du 9ème,48.87326713758289,2.340753448052758,24,9013,0,1,21,1695668161
478593396,Jean Moulin - Paul Doumer,48.8622179854695,2.45533436536789,20,31017,0,8,12,1695668234
213675430,Boutroux - Porte de Vitry,48.822632,2.377738,49,13047,43,1,2,1695668146
338853596,Charles de Gaulle - Orléans,48.88092225101522,2.271581590175629,26,22009,0,0,26,1692680113
213693126,Véron - Lepic,48.88526123395252,2.334559857845307,23,18114,5,4,14,1695668230
363735875,Pont De Charenton,48.8179685,2.4199531,18,44103,14,2,2,1695668226
265266148,Pierre Brossolette - Adolphe Pinard,48.82177227954821,2.313155829906464,24,22403,1,0,23,1695668013
357491025,Place Centrale,48.78740167690531,2.2278830409049992,22,21951,0,2,16,1695668183
457713145,Gare de Nanterre Ville,48.8950295,2.1957932,43,92005,4,2,36,1695668075
392576677,Senard - Charles Blum,48.857315824799,2.221091687679291,24,22103,1,1,21,1695668149
52456,Pré Saint-Gervais - Lilas,48.877870626988,2.3959073424339,28,19113,0,7,21,1695667961
1056995858,Gergovie - Vercingétorix,48.83453413883994,2.313154547426182,29,14128,3,1,24,1695668137
124390478,Commandant l'Herminier - Gallieni,48.847040552603,2.4160453677177,17,20004,1,2,14,1695667990
27414924,Sambre et Meuse - Villette,48.874405666217,2.3738072379951,25,10039,1,3,20,1695667994
390075668,Station Paris Basketball - Stade Georges Carpentier,48.82048243838136,2.366832196712494,40,13117,0,1,38,1695668100
462875227,Jules Guesde - Alsace,48.890566275506,2.2950777411461,25,23006,0,0,25,1686180940
1056972307,Pyramide - Parc Floral,48.837442,2.440452,50,12125,11,2,37,1695668153
653217067,Jules Guesde - Laennec,48.87628983900398,2.5006942078471184,19,31101,1,8,10,1695668066
1109534105,Demi-Lune - Aristide Briand,48.87626381919953,2.4562818557024,20,31026,0,20,0,1695668167
54000550,Rapp - Place du Général Gouraud,48.858102885107,2.3004072904587,31,7024,4,1,26,1695668103
365181481,Guy Môquet - Saint-Ouen,48.892777719023975,2.3270335793495183,53,17001,24,12,16,1695668243
653076373,Bois de Vincennes - Porte Jaune,48.838751246689455,2.4605489149689674,35,12129,0,1,34,1695667781
15310509,Choron - Martyrs,48.877851443502536,2.3396701365709305,17,9016,13,1,3,1695668244
284711589,Beaumarchais - Pas de la Mule,48.855580507049,2.3684333673431,18,4107,11,2,4,1695668225
275968458,Place du Président Salvador Allende,48.897307310356055,2.40079153681279,60,35004,0,5,53,1695668020
1062812659,Auguste Blanqui - Glacière,48.831151602964354,2.3438221961259837,60,13515,7,5,47,1695668233
1056979685,Bastille - Quai de la Rapée,48.84682410855,2.3669364675879,27,12150,2,1,22,1695668151
128928526,Clapeyron - Moscou,48.88078819514121,2.324815057218075,15,8011,6,3,6,1695668241
287096529,Paul Klee - Place Augusta Holmes,48.838946417408025,2.3704235663952966,43,13020,6,6,30,1695668003
97705710,Jacquard - Ternaux ,48.8646605,2.373162,39,11031,15,12,9,1695668233
13242682,Alexander Fleming - Belvédère,48.88179064200294,2.4030599377642674,31,19124,0,7,24,1695667946
278576043,Honoré d'Estienne d'Ovres - Grilles,48.89056394743836,2.4064831843792427,18,35011,5,6,6,1695668245
213695073,Hôpital Robert Debré,48.88005222200894,2.4008650346327003,33,19036,0,1,32,1695668175
284708999,Santé - Arago,48.83507657562064,2.3415737262044938,38,14113,2,0,35,1695668213
653062048,Gare du Nord - Place de Valenciennes,48.879089,2.354235,25,10152,0,3,20,1695668205
653079520,Averroès - Aimé Césaire,48.91405323432864,2.412636950612068,19,35015,4,1,9,1695668082
653076393,Place du Front Populaire - George Sand,48.90680713698062,2.364541214992642,35,32021,0,6,26,1695667811
129069108,Paul Barruel - Vaugirard,48.84014918546239,2.3044332861900334,39,15019,17,4,18,1695668080
27415123,Boussingault - Tolbiac,48.82603516605852,2.342176808004326,28,13021,19,3,4,1695668249
213936755,Edouard Vaillant - Galliéni,48.858462881661,2.4147954583168,49,31707,0,0,49,1597371137
30641281,Place de la Montagne du Goulet,48.8443415,2.2773844,21,15060,13,0,5,1695668194
54000593,Longchamp - Place d'Iéna,48.86491723343388,2.2926748171448708,40,16007,3,0,35,1695668177
27362949,Louis Blanc - Jemmapes,48.879330755297346,2.368448562920093,31,10110,4,4,22,1695667865
1057003116,Charles Lecocq - Lecourbe,48.84044,2.294867,30,15131,21,1,7,1695668242
285726279,Quai de Valmy,48.88126951579429,2.368186041712761,26,10037,1,1,23,1695668133
285454061,Square de la rue Pixérécourt,48.8736824,2.3960278,15,20002,0,7,8,1695668245
213686471,Eylau - Trocadéro,48.863354122371,2.2864209115505,24,16014,0,0,20,1695668135
7261,Athènes - Clichy,48.878113787876,2.32956021945824,20,9036,1,0,19,1695668072
213995665,Square Edmond Pépin,48.883656206899,2.4033531546593,30,33104,0,0,30,1694881220
291354793,Gare de Lyon - Van Gogh,48.843839785643,2.3704450240357,51,12006,2,1,47,1695667911
213685863,Parc Suzanne Lenglen,48.833250690537874,2.2765403240919113,52,15125,23,0,28,1695668232
476053320,Ecole Militaire - Place Joffre,48.852060203583,2.3017993569374,26,7111,10,0,13,1695668110
653079135,Mazagran - Pierre de Coubertin,48.816218640260445,2.344226874411106,15,13027,2,1,12,1695668248
1057081237,Cimetière d'Issy-les-Moulineaux,48.81769977392539,2.260931208729744,24,21316,0,6,15,1695667986
38319086,Pierre Demours - Laugier,48.8813072,2.294846,37,17029,10,2,25,1695668169
221032834,Metz - Faubourg Saint-Denis,48.870893,2.353521,48,10004,10,2,35,1695668250
653129435,Neuilly - Petit,48.898965361341254,2.29627937078476,16,21118,4,0,11,1695667824
124622630,Pelée - Alphonse Baudin,48.8600265,2.3710541,38,11103,9,5,19,1695668223
96512532,Joseph Sansboeuf - Saint Lazare,48.87531563065266,2.3229019716382027,18,8008,0,0,16,1695668023
362178041,Place Jules Ferry,48.812107928414775,2.325837314128876,28,21203,1,4,22,1695667914
100783424,Censier - Santeuil,48.840658921385234,2.3537524044513702,69,5034,7,0,61,1695668253
210584503,Gare de l'Est - Fidélité,48.874575,2.356796,15,10017,3,2,7,1695668236
422639331,Mairie de Neuilly sur Seine,48.88494728765838,2.2677031159400944,31,22013,4,3,22,1695667933
1057061349,Chancé Milly - Cimetière Communal Sud,48.89687189382465,2.303922325372696,32,21115,5,1,25,1695668015
292871105,Botzaris - Crimée,48.87959698690176,2.3887913337477067,21,19025,0,10,11,1695668084
38280,Saint-Didier - Raymond Poincaré,48.86642312020962,2.285863497192411,17,16009,0,0,14,1695668234
653125838,Cours de l'Ile Seguin - Parc Billancourt,48.82714055843935,2.234234511852265,29,21029,7,1,20,1695668233
129121741,Belleville - Couronnes,48.868831082877,2.3809862136841,50,20039,5,1,41,1695668106
594942659,Gare du Nord - Denain,48.879595787608,2.3544725775719,20,10153,1,1,18,1695668206
404947652,Place Fernand Forest,48.849269143835926,2.2818631678819656,33,15072,26,0,3,1695668155
129142199,Marcel Yol - Jullien,48.82537611802588,2.287235018058929,30,21708,1,1,28,1695668069
42541542,Gare Montparnasse - Edgar Quinet,48.841487851079,2.3233232282801,33,14101,1,0,30,1695668251
27363558,Wurtz - Tolbiac,48.82631195621006,2.344585955142975,28,13048,21,2,3,1695668212
214109662,Hôtel de ville de Fontenay-sous-Bois,48.84949749106274,2.4750164151191716,20,41210,0,0,20,1695668012
653122771,Marc Sangnier - Division Leclerc,48.78599652305309,2.329955510795116,24,42304,19,3,2,1695668077
35147530,Pierre Levée - Fontaine Timbaud,48.86632723374305,2.3711163550615306,23,11109,14,3,6,1695668187
129135654,Victor Cresson - Telles de la Poterie,48.822698842979,2.2686498274964,31,21307,20,0,9,1695668066
101756482,Convention - Vaugirard,48.83767682233156,2.295586926020252,48,15052,33,4,8,1695668221
1057179405,Résistance - Hoche,48.864273423741956,2.435784414410591,29,31021,0,12,17,1695668123
653135400,Paul Vaillant-Couturier - Gare RER,48.80108159069614,2.402097210288048,26,44002,11,10,5,1695668204
213689228,Raffet - Montmorency,48.85258670812,2.2629252456151954,42,16115,1,3,35,1695668086
129079313,Commerce - Letellier,48.84797660373612,2.2966245196598805,44,15123,14,3,27,1695668123
409364001,Ivry - Simone Weil,48.823283932030755,2.3659095168113713,18,13039,2,3,12,1695668212
1057039016,Fessart - Château,48.84245,2.23989,20,21030,7,2,11,1695668184
1057045129,Cimetière de Boulogne-Billancourt,48.830764,2.252024,40,21031,8,3,29,1695668162
1190800638,Ranelagh - Maison de la Radio,48.85293603169479,2.280449643731117,22,16024,0,4,16,1695668140
302725495,Gare SNCF Vanves-Malakoff,48.819002163836444,2.292150005103606,51,21702,3,1,46,1695668249
303102719,Brancion - Lefebvre,48.82900222785569,2.301431038163409,11,15043,0,2,9,1695667823
27363277,Place Saint-Ferdinand,48.87815529789739,2.288518047864942,38,17039,0,1,36,1695667768
303452950,Hôtel de Ville de Fontenay-aux-Roses,48.790844603480856,2.2871455930319455,34,22604,0,6,27,1695668201
54000617,Docteurs Déjérine - Pte de Montreuil,48.85398448133697,2.41208288897222,20,20009,4,1,14,1695668235
37921892,Vinaigriers - Magenta,48.8731167,2.3593052,25,10012,5,2,17,1695668124
308082350,Malakoff - Place de la Porte Maillot,48.876733496637506,2.2834577411413193,31,16101,0,0,17,1695667989
653131074,Vanne - Général de Gaulle,48.815007,2.328318,25,21213,0,0,25,1694736734
213691137,Carnot - Général Lanrezac,48.875443870736,2.2938242935036,30,17033,0,0,30,1526880629
653126035,Vanne - Saussaies,48.786404,2.338848,20,42305,3,8,9,1695668019
210745258,Jean-Pierre Timbaud - Vaucouleurs,48.867937,2.377885,47,11032,19,14,14,1695668250
653080383,Bruneseau - Quai d'Ivry,48.82494563758295,2.388566136360169,48,13121,20,1,24,1695668233
457834134,André Maurois - Joseph et Marie Hackin,48.8778983,2.2789591,29,16003,1,0,25,1695667923
653123610,Pierre Lefaucheux - Traversière,48.82435208303827,2.2417913004755974,35,21028,4,2,28,1695668058
6295,Pontoise - La Tournelle,48.850458009188,2.3524542754922,23,5107,9,0,13,1695668119
36473,Cadet - La Fayette,48.875601632672,2.3435704037547,0,9101,0,0,0,1665409962
54000562,Square Alban Satragne,48.875388227727,2.3559567333359,30,10018,5,4,20,1695668249
54000615,Buzenval - Avron,48.851617204998654,2.401513597307666,50,20007,23,2,22,1695668189
135806005,Mairie de Romainville,48.885109,2.435679,17,32301,1,14,1,1695668248
66491395,Daumesnil - Hébrard,48.8429,2.38474,40,12043,1,1,37,1695668248
18206879942,Rampal - Belleville,48.873114661405,2.3798409114805,0,19204,0,0,0,1695112901
102326776,Jardin de l'Hospice Debrousse,48.861451061938,2.40568600595,23,20108,1,3,19,1695668198
653135378,Amaury Duval - Gabriel Péri,48.81718759671675,2.323841750621796,36,21219,4,7,24,1695668208
210751059,Hôpital - Campo-Formio,48.835405,2.358218,16,13011,3,0,13,1695668132
213952930,Proudhon - Président Wilson,48.906442763495,2.3584905266762,30,32001,10,9,10,1695667900
1057184567,Paul Signac - Aristide Briand,48.86950262156371,2.4502260982990265,35,31025,0,10,25,1695668175
402212574,Charles de Gaulle - Graviers,48.883151759186,2.2648814320564,0,22008,0,0,0,1670219436
34235349,Jean Calvin - Tournefort,48.84158856925782,2.348489575088024,28,5014,0,3,25,1695668158
559980654,George V - Christophe Colomb,48.87046,2.30104,24,8549,0,0,24,1695667945
1057203651,Stade de France,48.919141953558054,2.362065576016903,44,32011,1,5,35,1695668113
453172172,Porte d'Italie,48.817161987718954,2.360236309468746,13,13033,4,9,0,1695668196
478385490,Charles Gide - Fort de Bicêtre ,48.8071937956922,2.353984415531159,30,42701,1,0,28,1695668102
213706622,Vitruve - Davout,48.86053161154489,2.4091592812626543,23,20122,3,6,13,1695668191
213686749,Place de la Porte de Passy,48.857341095470794,2.2644165538827115,36,16020,1,4,30,1695668057
82572699,Damrémont - Ordener,48.893400392981874,2.336266523912805,30,18027,14,4,11,1695668125
1057302263,Place Nationale - Château-des-Rentiers,48.829268,2.365212,18,13126,5,4,8,1695668158
27269170,Quai aux Fleurs - Pont Saint-Louis,48.85291595620935,2.352195717394352,21,4003,1,3,17,1695668189
82550543,Place de Barcelone - Mirabeau,48.847623027364,2.2735664248466,55,16030,38,7,7,1695668235
82375611,Batignolles - Beudant,48.88216401466375,2.319852970540523,44,8020,3,1,39,1695668161
443402852,Place de Lévis,48.883546851533254,2.3131933808326726,48,17015,2,1,42,1695668110
18012983979,Gallieni - Lycée Charles Petitet,48.927640283627,2.3308986340524,0,23902,0,0,0,1695668219
38192,La Motte-Picquet - Grenelle,48.84858321339195,2.299347817897797,34,15023,11,2,19,1695668092
84958519,Arcole - Notre-Dame,48.85388354132773,2.3493797332048416,31,4001,1,3,27,1695668017
1062162270,Théâtre de La Garenne,48.905658361454,2.2345951981176,20,22501,3,4,13,1695667738
35101194,Place de l'Insurrection d'Août 1944 ,48.81477852751594,2.398074567317963,30,42003,27,2,0,1695668174
1057319366,Quai de la Gare - Pont de Bercy,48.83730787972,2.3740861260598,30,13128,5,5,19,1695668251
458086607,Président Wilson - Baudin,48.89826887103676,2.2849336266517644,28,23003,1,2,25,1695668047
101491821,Jean Moulin - Place Victor et Hélène Basch,48.82764910241,2.3261967301369,41,14010,3,4,31,1695668178
653081846,Jourdan - Monticelli,48.822032,2.329095,30,14131,0,2,27,1695668217
213689815,Porte d'Asnières,48.89035817610495,2.3036286234855656,36,17023,10,4,21,1695668037
443198808,Gaston Tessier - Rosa Parks RER,48.8963765,2.3743692,37,19108,0,0,36,1695668189
6294,Marché aux fleurs,48.855258115391,2.3473754525185,23,4002,3,0,20,1695668119
620676855,Camille Groult - Guy Môquet,48.787482746521306,2.3976725712418556,22,44007,11,3,8,1695668223
98187918,Lobau - Hôtel de Ville,48.8562118,2.3532536,60,4016,1,0,56,1695668130
13191324,Assas - Luxembourg,48.84373446877937,2.333428381875887,33,6008,0,0,32,1695668230
210738704,Mazagran - Bonne Nouvelle,48.870047123655,2.3511248454452,25,10105,3,0,22,1695668252
82565383,Jacques Kellner - Saint-Ouen,48.895809485802886,2.327897409164145,45,17003,12,7,25,1695668091
102745622,Raspail - Albert Schweitzer,48.81031545,2.34395871,28,42501,19,2,5,1695668225
213999554,Jean Jaurès - Ouvrières Pivéreuses,48.91042343752563,2.399576604366303,20,35001,7,9,3,1695668233
213677219,Brillat-Savarin - Küss,48.822203,2.350422,21,13109,10,3,8,1695668095
85155919,Estienne d'Orves - Henri Ginoux,48.815388220397274,2.320886790760933,31,21204,1,5,24,1695668196
1062238429,Place de l'Europe - Quai de Bercy,48.82529858840266,2.3945679143071175,17,42209,13,0,4,1695668156
369011098,Paris - Laitières,48.84630274151258,2.4207553267478947,22,43001,8,4,9,1695668186
102343591,Louis Pasteur - Albert Petit,48.796261,2.317289,31,22206,2,3,26,1695668149
27415150,Bobillot - Paulin Mery,48.829899841747384,2.3543356766748507,23,13106,1,1,20,1695668145
7247,Charonne - Pierre Bayle,48.858445054262,2.3903981223891,23,11021,1,4,15,1695668080
653134004,Louis Rolland - République,48.81710889740748,2.3193106434955717,26,21217,2,1,22,1695667756
27415246,Javel - André Citroën,48.846276485475,2.2786368057131767,45,15064,2,2,39,1695668232
389788858,Emeriau - Beaugrenelle,48.84791249714942,2.2843059897422795,74,15030,40,5,27,1695668237
1056947780,Faubourg Poissonnière - Dunkerque,48.880883445404436,2.349934279918671,30,9114,1,1,28,1695668251
38327,Victor Hugo - La Pompe,48.86795222470859,2.28146318346262,41,16011,1,2,28,1695667917
100925033,Gare de Lyon - Chalon,48.845666194202,2.3741452395916,45,12007,1,3,40,1695667943
109609241,Colmar - Victor Hugo,48.88652251096166,2.173960916697979,32,25001,0,1,31,1695668073
82562496,Benjamin Delessert - Jean Lolive,48.89392043619345,2.417981922626496,21,35007,1,3,15,1695668055
235197110,Place de la Gare,48.80253358011283,2.4275037646293645,46,47001,34,4,7,1695668185
417088374,Place Mongolfier,48.815160030060376,2.4592879414558415,39,44101,35,1,3,1695668064
439750210,Italie - Jardin Joan Miro,48.81990914045756,2.3592948541045193,26,13032,4,7,14,1695668180
42720305,Monceau - Malesherbes ,48.8795079,2.3145456,38,8037,0,0,37,1695668025
653205656,Gare de la Garenne-Colombes,48.909752,2.239145,28,27004,3,7,17,1695668245
653147618,Lucien Lanternier - Le Luth,48.93159430558871,2.2889783978462224,27,22303,21,5,1,1695667924
417623119,Mairie de quartier du Plateau - Mont-Valérien,48.8799933,2.2072437,20,92001,1,3,16,1695668209
82584215,Place Lafayette,48.829654975522,2.2638675570488,62,21306,2,4,54,1695668224
54000632,Paul Vaillant-Couturier - Victor Hugo,48.89819702263572,2.293848017974069,36,23004,2,3,27,1695667800
428088564,La Jarry - Place Diderot,48.849726940367326,2.452013790607453,25,43010,15,7,2,1695668150
365886904,Berthier - Place Stuart Merril,48.885927922355044,2.2933450341224675,37,17107,6,6,25,1695668250
213682190,Place Jacques et Thérèse Tréfouël,48.842726498317,2.3125657439232,43,15005,1,3,38,1695668193
653083263,Lucien Bossoutrot - Général Martial Vallin,48.836956046311,2.2741072252393,39,15057,0,1,36,1695667665
85015750,Pergolèse - Malakoff,48.87521088779225,2.2842781618237495,38,16002,3,10,24,1695668099
27064639,Vaugirard - Pasteur,48.84040868803496,2.3154367133975033,21,15004,0,2,18,1695668220
102722579,Voltaire - Anatole France,48.891999360256904,2.284262739121914,27,23010,4,2,19,1695668097
75641607,Blaise-Desgoffe - Vaugirard,48.846128877747,2.3242672160268,32,6027,0,1,30,1695668197
39151458,Goutte d'or - Barbès,48.885124323627,2.3496962338686,20,18007,3,5,11,1695668070
221036108,Charonne - Bureau,48.854176,2.396093,47,11017,13,8,25,1695668205
468354634,Quai de l'Oise - Aisne,48.8906231,2.3833701,30,19128,11,9,10,1695668227
379063990,Place du 14 Juillet,48.8192669595252,2.30119988322258,22,22408,10,1,11,1695667964
213692227,Square Louise Michel,48.884687354509,2.3441386967897,36,18006,2,3,29,1695668234
653137566,Mairie de Clamart,48.800612,2.262151,33,21401,4,14,12,1695668238
213674686,Place Jeanne d'Arc,48.829575,2.369126,36,13044,9,3,22,1695667990
38522,Douai - Pierre Fontaine,48.88229101148092,2.33324121683836,25,9027,1,4,18,1695667952
488889101,Bessières - Porte de Clichy,48.89611762451474,2.31790903955698,33,17108,4,3,26,1695667720
488800137,Portugais - Kléber,48.8712148,2.2937349,26,16001,0,1,25,1695668175
266422568,Place Edmond Michelet,48.860134890542,2.3500636965036,23,4020,2,1,20,1695668210
488872892,Emile Zola - Fondary,48.847051143113745,2.2953405976295476,42,15022,10,2,27,1695668246
129016495,Taitbout - La Fayette,48.87332988919973,2.3352625966072087,53,9024,2,0,51,1695668226
1057730786,Halles - Bourdonnais,48.860448992575,2.3460162431002,20,1021,3,1,14,1695668244
131094294,Charles Tillon - Cimetière Communal,48.91844023641836,2.3935630917549138,30,33015,4,10,11,1695668031
494183852,La Motte-Picquet - La Tour Maubourg,48.856926701847,2.3096215831203,40,7017,6,3,27,1695668203
1057335613,Quai du Président Roosevelt - Pont Aval,48.8343883676388,2.2656820714473724,30,15311,5,2,23,1695668201
491687415,Delizy - Louis Nadot,48.896212845581346,2.4094578623771667,22,35006,5,3,14,1695668012
653083675,Maréchal Joffre - Verdun,48.85385,2.470307,20,41205,1,8,11,1695667948
39202840,Rochechouart - Martyrs,48.882193779572,2.3405495658517,20,18041,3,6,9,1695668236
653141822,Île de la Jatte,48.894036161302104,2.2666339203715324,23,22015,6,1,13,1695668245
488980540,Saint-Mandé - Fabre d'Eglantine,48.8453579,2.3965022,34,12018,2,7,25,1695668251
54000599,Lemercier - Cardinet,48.890097168851746,2.317377626895905,24,17111,4,1,18,1695668159
1057221951,Balzac - Olympes de Gouges,48.77850332486751,2.4006786569952965,28,44016,11,6,9,1695668219
653137567,Place Saint-Just,48.790379518724265,2.3895226791501045,22,44005,12,8,0,1695668186
54000600,Toqueville - Cardinet,48.88490187110713,2.3109393194317818,33,17119,1,0,32,1695668185
82455731,Cambronne - Villa Croix Nivert,48.845847561366,2.3017574474216,62,15011,18,4,39,1695668241
15212034,Gérando - Rochechouart,48.88294340845,2.3464846238494,21,9004,3,1,16,1695667980
559595472,Suffren - Champ de Mars,48.8547194,2.2952168,23,15071,4,1,18,1695667859
1057399900,Placette Grégoire Collas,48.94342014002797,2.2487476095557213,25,51002,16,9,0,1695668153
210395439,Centre Georges Pompidou,48.861419,2.352581,26,4021,2,1,23,1695668244
491932748,Porte des Lilas - Faidherbe,48.87861855668978,2.4120327830314636,39,32601,0,12,27,1695668092
1057329581,Square Bela Bartok,48.85120156830401,2.2846536710858345,24,15102,7,1,14,1695667917
1057378487,Fort d'Aubervilliers,48.91502382370325,2.4035281687974925,22,33016,3,4,12,1695668030
1057737444,Place Ginette Hamelin,48.837853,2.382064,51,12026,3,9,37,1695667969
2515636592,Mstislav Rostropovitch - Berthier,48.892120821173975,2.309234105050564,18,17123,2,1,15,1695668210
653139063,Pont de Suresnes,48.867415092322,2.2258946679617,24,21501,0,0,24,1545401930
82336035,Saint-Germain - Ciseaux,48.853305277595,2.3344654618827,18,6012,1,1,15,1695667953
255322397,Auguste Blanqui - Corvisart,48.8300989,2.3502726,26,13009,0,4,21,1695667936
1314450240,Gare du Stade,48.9312676,2.2603778,20,27005,8,6,5,1695668075
1057091571,Esplanade du Foncet - Camille Desmoulins,48.827090233494964,2.2606857866048813,28,21319,12,2,13,1695668057
210582231,Londres - Place d'Estienne d'Orves,48.876693805756986,2.3305362090468407,25,9102,1,1,22,1695668163
312870435,Dunkerque - Trudaine,48.88215166773376,2.3463253676891327,16,9006,2,8,6,1695668223
653087180,Clichy - Douai,48.883687771522,2.328063700029,32,18044,0,1,30,1695668238
129106450,Joseph Dijon - Ornano,48.89374453351521,2.3476678133010864,37,18030,20,3,12,1695668190
1057405802,Place Nelson Mandela,48.897874318180556,2.2182820737361912,30,92006,1,1,26,1695668098
27414544,Place Monge,48.842761803051,2.3524079471827,21,5024,2,2,16,1695668210
213894629,Square Denise Buisson,48.8562322730982,2.426436245441437,45,31005,4,4,37,1695668119
1057354004,Chemin de Bretagne,48.824753068884,2.2588385956052,29,21314,11,1,15,1695668172
129059516,Picpus - Louis Braille,48.839988788912,2.4005256685521,44,12038,22,4,17,1695668201
100923502,Crozatier - Faubourg Saint-Antoine,48.850440013405,2.378901366211,42,12005,35,2,2,1695668247
1227051850,Glacière - Soeur Catherine Marie,48.829522989420596,2.343570403754711,40,13516,9,1,30,1695668233
1057748427,Rottembourg - Général Michel Bizot,48.83787825992554,2.4044052511453633,43,12155,4,6,33,1695668137
1015246367,Champs-Elysees - Bassano,48.871811807816,2.300238981843,25,8116,0,0,25,1613934558
284787594,Place d'Italie - Vincent Auriol,48.831481874467,2.3567550292319,40,13010,0,3,35,1695668250
54000560,Geoffroy - Marie,48.873781940593325,2.344513876337893,20,9011,1,0,17,1695668249
101017160,Place de Rungis,48.82245594764965,2.347382729482953,32,13025,24,1,6,1695668245
100933541,Vivaldi - Antoine-Julien Hénard,48.841923663276546,2.389728979467376,27,12028,9,3,13,1695668156
36391,Godot de Mauroy - Madeleine,48.869789,2.326347,22,9034,1,0,20,1695668071
100934967,Madagascar - Meuniers,48.83460464474706,2.3970650508999825,33,12035,28,3,1,1695668230
15309045,Marché Saint-Quentin,48.877356057652,2.3545114456374,15,10021,0,1,13,1695668069
100769544,Harpe - Saint-Germain,48.851518815017,2.3436703160405,45,5001,1,1,41,1695668168
1062783107,Buffon - Jardin des Plantes,48.842668466104875,2.3618587106466293,30,5115,4,5,18,1695668223
653086121,Louis Xavier de Ricard - Ancienne Mairie,48.84629899065091,2.472420372068882,34,41211,3,5,26,1695668103
653139897,Lebrun - Colonel Fabien ,48.78266870733145,2.381317801773548,27,44011,1,9,16,1695668253
285001735,Vivienne - Montmartre,48.871347597383,2.3414588347077,39,2108,0,0,38,1695668119
101011685,Charenton - Prague,48.848175129981,2.3763584494312,26,12101,9,4,13,1695668078
27415547,Square Etienne Jarousse,48.82485182597129,2.2925933450460434,25,21707,3,6,16,1695668232
54000543,Cloître Saint-Merri - Renard,48.858835448898,2.3518279194832,32,4019,0,3,27,1695667962
1057765913,Hôpital Necker,48.846043490118454,2.313245013356209,40,15129,2,1,36,1695667815
1062704564,Bourg l'Abbé - Saint-Martin,48.86393331949257,2.352406270802021,42,3102,10,3,25,1695668133
221043930,Bagnolet - Orteaux,48.85708641027236,2.3984125256538396,36,20015,8,15,11,1695668119
1057234527,Gare d'Argenteuil,48.947022436806705,2.256898172199726,40,51001,1,8,30,1695667899
49498164,Mairie du 8ème ,48.877932,2.318264,14,8027,0,0,13,1695667724
1062742831,Place Joffre - Frédéric le Play,48.853754486938,2.3044242337346,38,7109,1,1,35,1695668190
76121343,Abbé Groult - Convention,48.83596927866069,2.302064039509349,12,15039,9,6,0,1695668244
1057072168,Jules Guesdes - Général de Gaulle,48.81930581291959,2.278934195637703,24,21315,6,16,2,1695668045
1062685145,Bibliothèque Nationale - Richelieu,48.868288993515,2.3380893096328,17,2112,0,0,17,1695668250
1056715831,Marché Saint-Germain,48.85165625855281,2.335500307381153,21,6022,1,1,18,1695668252
101742129,Cherche-Midi - Hôpital Necker,48.84461063309956,2.317914068698883,38,15006,3,1,34,1695668223
1057360420,Place Aimé Césaire,48.783194713067815,2.2429127991199493,27,21402,0,1,26,1695668147
42907187,Richard Lenoir - Voltaire,48.86164273878,2.3727491497993,25,11011,12,0,13,1695667886
214119792,Gare RER - Malleret-Joinville,48.802936,2.42531,20,41403,9,8,3,1695668242
13912564,Bruant - Vincent Auriol,48.834848452929,2.3668264996271,25,13018,0,1,22,1695668249
1057366813,Hôtel de Ville de Sèvres,48.824363561288756,2.2131047397851944,32,23102,4,2,23,1695668100
37504995,Jean Monnet - Iles,48.823393984057304,2.2497073194874866,32,21303,25,5,0,1695668216
131908132,Parc Eli Lotar,48.91844993053703,2.3727085813879967,20,33014,13,3,3,1695668234
49117995,Condorcet - Turgot,48.87985155789093,2.345232367515564,20,9007,0,1,18,1695668222
125811629,Leredde - Tolbiac,48.82887629664,2.3744382709265,44,13052,10,3,29,1695668063
102307005,Villiers - Batignolles,48.88125253846116,2.31653843075037,23,17024,2,1,18,1695668062
1057753858,Place Charles Michels,48.846401,2.28502,37,15127,13,0,21,1695668232
452341449,Choisy - Tolbiac,48.82591155587,2.3602393269539,26,13035,9,1,6,1695668234
54000590,Croix Nivert - Square Saint-Lambert,48.8430515215905,2.295200452208519,47,15036,23,8,16,1695668181
27359295,Benoît Frachon - République,48.85230729014318,2.415605485439301,30,20105,0,4,26,1695667992
81212212,Jean Jaurès - Jules Jacquemin,48.88433053604843,2.4082902455152104,24,33103,4,6,12,1695668080
54000587,Mairie du 14ème,48.83254578123,2.3254923149943,32,14032,3,3,25,1695668174
58311330,Place des Droits de l'Enfant,48.8274804,2.3319217,24,14011,13,9,1,1695668208
653087914,Marne - Charles de Gaulle,48.815071719544434,2.4121668934822087,27,41401,16,5,5,1695668096
41219552,Saint-Benoît - Jacob,48.85545136013941,2.3334722220897675,23,6002,0,0,22,1695667884
101738550,Didot - Place de Moro-Giafferi,48.8337,2.3215,22,14031,4,5,12,1695668065
54000622,Davout - Volga,48.852919679957296,2.410522909779111,28,20044,2,3,23,1695667883
82339935,Porte de la Muette,48.86302317841182,2.2687188170157406,36,16019,1,2,33,1695667690
27414713,Landy - Heurtault,48.915096534520316,2.375951372087002,30,33012,5,1,23,1695668157
54000564,Paradis - Hauteville,48.874999954666755,2.3522757401923404,31,10019,3,6,19,1695668230
27363337,Bréguet - Sabin,48.856931678257,2.3706749462105,33,11033,9,1,19,1695668198
100967498,Stalingrad - Rigollots,48.84997403844251,2.45557576417923,51,41203,10,15,25,1695668225
6298,Gare du Nord - Saint-Vincent de Paul,48.880955741648,2.3524305148385,24,10033,0,1,21,1695668096
43247025,Jardins d'Eole,48.8869703,2.3668488,20,18039,8,8,3,1695668189
70903158,Raymond Poincaré - Place Victor Hugo,48.870306124369975,2.285074541420228,25,16005,2,0,21,1695668103
37879071,Paul Bodin - Clichy,48.89239614618928,2.317142598330975,34,17009,4,1,26,1695668065
82332239,Ecoles - Carmes,48.848904447989405,2.3473486304283147,36,5007,0,0,31,1695668170
54000619,Porte de Bagnolet,48.864707139122984,2.408344637349607,33,20022,2,2,29,1695668217
265201872,Bourdon - Pont Morland,48.8478103,2.3659356,52,4006,3,1,46,1695667848
101008598,Reuilly - Place Felix Eboue,48.84030274499962,2.394630398715453,42,12036,16,9,17,1695668209
75525462,Plantes - Moulin Vert,48.83005755305626,2.3232302069664006,45,14026,6,3,34,1695668051
15462861,Crevaux - Bugeaud,48.870809428669546,2.281149007691853,31,16105,0,0,30,1695667943
95845524,Cité Riverin - Château d'Eau,48.870702423554306,2.358739863900845,18,10008,11,3,3,1695668110
38407,Flandrin - Longchamp,48.86877849178477,2.274354539176829,42,16012,1,1,38,1695668231
82554449,Porte Molitor,48.84524763511433,2.2569015249609947,60,16036,19,14,26,1695668244
39535340,Charles Frérot - Albert Guilpin,48.8155839183714,2.3505029082298283,30,42505,11,1,17,1695668001
1062797394,Place de la Madeleine - Royale,48.869228052648,2.324421107769,26,8117,0,0,23,1695668239
66491391,Claude Vellefaux - Hôpital Saint-Louis,48.872859139003,2.3700717069851,32,10032,2,1,29,1695668097
54000570,Place de la Nation - Picpus,48.846821681548,2.4001130461693,36,12015,4,2,30,1695668167
1062256852,Maxime Gorki - Louis Aragon,48.78909814728443,2.368387877941132,20,48004,3,2,15,1695668107
1057373549,Gare RER les Grésillons,48.919898633572764,2.31458459136273,22,26004,10,4,8,1695668022
653089942,Poissonniers - Championnet,48.89543299733937,2.3530178144574165,28,18139,1,4,15,1695668104
201923447,Murat - Porte de Saint-Cloud,48.83750862621299,2.2577651962637906,38,16042,4,2,31,1695668188
220504949,Grande Truanderie - Saint-Denis,48.8626302,2.3498075,33,1006,23,3,6,1695668239
41464928,Sèvres - Lecourbe,48.8447677,2.3110086,62,15008,5,3,51,1695668169
27296946,Square Claude Bernard,48.89876016219984,2.375325746834278,30,19110,1,1,26,1695667936
15308712,Jules Vallès - Charonne,48.85428437993525,2.384767457842827,23,11112,18,4,0,1695668239
653143563,Henri Ravera - Gabriel Péri,48.79722273833844,2.302115857601166,30,22201,0,2,28,1695668012
9931940126,Diane Arbus,48.898800717199,2.3524022474885,38,18202,11,5,21,1695668160
443153677,Perle - Vieille du Temple,48.8601346,2.3611206,36,3008,5,2,29,1695668187
38060,Gare Montparnasse - Arrivée,48.843827994315,2.3225811123848,43,15001,2,0,39,1695668227
7295,Chevreuse - Montparnasse,48.841739161231,2.3315522167367,15,6010,0,0,14,1695668214
66505510,Epée de Bois - Mouffetard,48.841508690388835,2.350066713988781,63,5015,3,1,58,1695667894
128841079,Cambon - Rivoli,48.866143390992,2.3251800647137,40,1020,1,1,38,1695668223
1062245074,Roger Salengro - Général de Gaulle,48.820029010376956,2.4846760556101803,27,45002,15,4,7,1695668137
1057758764,Cadix - Hameau,48.8340107632249,2.289516180753708,37,15128,19,3,13,1695668252
653144717,Camille Risch - Paul Armangot,48.774703,2.373685,25,44014,3,2,19,1695667837
42275164,Reuilly - Daumesnil,48.8395385,2.3972516,36,12037,5,5,25,1695668247
75345531,Turbigo - Française,48.86358858111446,2.3477794602513313,16,1007,8,2,5,1695668191
85031184,Molitor - Michel-Ange,48.845182081538034,2.26211277356597,52,16037,5,2,44,1695667907
97824043,Charentonneau - Maisons Alfort,48.809932980484355,2.443288456496946,20,47003,16,0,4,1695668010
66491379,Place des Abbesses,48.884542726149725,2.3386867716908455,12,18004,4,2,6,1695668085
39169029,Sorbier - Ménilmontant,48.86854239566069,2.3897721245884895,24,20034,6,13,3,1695668079
35600927,Mairie du 16ème,48.863936848471994,2.2765953093767166,35,16013,0,1,34,1695668081
100868590,Cité Vaneau,48.8542210666207,2.319614924490452,26,7012,3,1,21,1695668250
30730,Place de la Nation - Charonne,48.848364667777,2.3997623859813,36,20001,2,0,34,1695668252
54000616,Pyrénées - Avron,48.853246898211985,2.405871044529538,32,20008,6,6,19,1695668225
27364642,Maine - Liancourt,48.835064363954,2.323731449974,27,14103,3,3,21,1695667830
66491381,Leibniz - Jean Dollfus,48.896328348515986,2.333390423834684,32,18034,13,9,10,1695668232
49094984,Herschel - Observatoire,48.84342376221923,2.3376645147800446,37,6104,0,0,37,1695668007
77773,Gare de Reuilly - Picpus,48.84267354116789,2.3972943797707558,28,12019,0,3,24,1695668174
15463487,Pergolèse - Marbeau,48.87356870686902,2.281512522529856,27,16102,1,1,19,1695668249
52518,Louis Lumière.,48.86216198070008,2.41112578185621,22,20104,6,2,13,1695668117
1062874070,Jourdan - Cité Universitaire,48.819897343156676,2.3397007964124366,39,14135,0,0,39,1695668153
82574198,Mairie d'Issy,48.8237677924683,2.27231115102768,41,21309,9,1,28,1695668232
54000554,Gare Saint-Lazare - Stockholm,48.877127316667654,2.322417162358761,32,8110,1,1,30,1695667919
27415389,Gambetta - Père Lachaise,48.864295696165875,2.398228667282044,29,20024,1,11,15,1695668087
66491367,Beaubourg - Michel-le-Comte,48.862534941806,2.3543103039265,17,3010,4,2,10,1695668161
1062802530,Niger - Soult,48.84369906369085,2.410361237220498,24,12156,8,2,12,1695668106
653091206,Porte de Clignancourt - Ney,48.899641123987095,2.344321422278881,40,18140,10,4,25,1695668235
27414902,Louis Blanc - La Chapelle,48.884008964514,2.3599335551262,21,10034,8,4,8,1695668177
653042678,Quai de Béthune - Pont de la Tournelle,48.85097433194032,2.356307208538055,25,4108,14,3,4,1695668185
66505516,Cordelières - Arago,48.83548071896613,2.348572461702221,46,13005,12,2,30,1695668079
49341735,Centquatre,48.88933353845543,2.3707854375243187,42,19002,5,4,32,1695668186
15309674,Square Montholon,48.876620377545024,2.3457641154527664,21,9009,2,1,18,1695668057
129023855,Parme - Clichy,48.88126642422664,2.328197093450571,24,9037,0,0,24,1695667737
125623876,Phalsbourg - Villiers,48.88242307900951,2.3090453445911407,20,17019,0,1,18,1695667890
2515672078,Petit - Georges Thill,48.88603131999171,2.3895753175020222,23,19201,13,1,8,1695668193
35317080,Emile Reynaud - Porte de la Villette ,48.90098953630053,2.3887022584676743,22,19010,9,8,4,1695668220
82396562,Mairie du 10ème,48.872089449907,2.3575825989246,19,10009,3,0,14,1695668201
653146273,Chausson - Gabriel Péri,48.921891003481115,2.2952306270599365,22,22301,11,6,4,1695668249
1062882947,Bargue -  Dutot,48.837884,2.308876,21,15132,11,4,6,1695668207
653091677,Place de l'Europe - Alfortville,48.78913702405837,2.4284800887107854,24,41405,18,2,4,1695668227
35472299,Pyrénées - Plaine,48.85026702458,2.4062821269035,12,20006,2,1,8,1695668242
1805255023,Sèvres - Général Leclerc,48.83012155905476,2.231426239013672,30,21026,1,1,27,1695668107
266963426,Beaumarchais - Saint-Gilles,48.8580378,2.3679352,51,3001,9,1,39,1695668223
1057207064,Saint-Denis - Université,48.94563430946964,2.3638297989964485,24,32013,0,0,24,1695668088
338824395,Bourse du Travail,48.868976638826,2.3623438552022,17,10011,3,3,9,1695668050
213687475,Traktir - Foch,48.872755334614,2.2915497802487,22,16103,1,1,20,1695667788
1062982815,Gare de Bellevue,48.8192404685572,2.2295309230685234,20,21953,0,2,18,1695668164
128890772,Bosquet - Saint-Dominique,48.85865170952645,2.303716580234576,28,7021,5,0,23,1695668214
66489651,Louis le Grand - Italiens,48.870508937204,2.3340544619393,33,2015,1,0,32,1695668243
1237624420,Maurice d'Ocagne - General Maudhuy,48.82414282524159,2.3158789426088333,30,14137,1,0,29,1695667691
27415179,Sarrette - Général Leclerc,48.825030852925,2.3264128693982,22,14019,2,3,16,1695668237
129152818,Place de la Fraternité,48.85716405838368,2.422847449779511,22,31709,1,3,15,1695668140
128932790,Arsène Houssaye - Champs-Elysées,48.873409276267,2.2977904602885,29,8028,0,1,24,1695668204
100760396,Turbigo - Réaumur,48.86557404753054,2.3564198613166814,31,3011,24,2,2,1695667993
210585225,Dunkerque - Alsace,48.879355,2.358379,20,10027,6,1,12,1695667916
312165511,Faubourg Du Temple - Republique,48.867872484749,2.3648982158072,38,11037,3,1,32,1695668242
27313492,Petites Ecuries - Faubourg Saint-Denis,48.87287120589831,2.3542150855064397,28,10006,13,8,4,1695668175
262607058,Charles de Gaulle - Plateau de Vanves,48.82233088973263,2.298571803412886,33,22401,2,0,31,1695668210
39626277,Lacuée - Lyon,48.849268481958,2.3704585433006,16,12002,7,1,8,1695668239
1062911162,Solitaires - Place des Fêtes,48.876601,2.391769,29,19129,0,6,23,1695668013
1074095810,Maurice Payret-Dortail,48.87811957063342,2.2233625128865246,22,21506,0,0,22,1695667944
128880156,Archives - Rivoli,48.857346707443,2.3539767041802,25,4103,2,0,23,1695668130
27415411,Frères Flavien - Porte des Lilas,48.8780992764359,2.41104629853209,23,20029,0,1,22,1695667740
210387163,Saint-Denis - Réaumur,48.8661116315789,2.3507790675507594,32,2003,7,2,18,1695668226
653150828,Joffre - Aigle,48.904033,2.245096,20,22503,0,7,13,1695668143
443654970,Française - Etienne Marcel,48.864053304653766,2.347587011754513,37,1102,4,0,33,1695668155
1063971944,Saint-Michel - Luxembourg,48.84501507626,2.3394941166043,29,5122,0,0,27,1695667794
27415512,Parc Roger Salengro,48.905303858642,2.31055945158,35,21110,9,6,20,1695668229
15153595,Nationale - Vincent Auriol,48.83252708397293,2.362354410392119,33,13017,10,4,18,1695668153
471094898,Olivier de Serres - Leriche,48.83460221715206,2.2957482933998112,25,15111,3,3,18,1695668104
66499894,Sainte-Elisabeth - Turbigo,48.86610337431042,2.359649240970612,33,3005,26,3,2,1695668224
1057290902,Cours de Vincennes - Soult,48.846918761569,2.4105220288038,45,12020,1,3,40,1695668219
42341698,Cléry - Montmartre,48.867458,2.3445211,44,2021,1,1,40,1695668195
653187900,Adolphe Lalyre - Armand Silvestre,48.90406266961591,2.273416221141815,40,24006,4,6,30,1695668145
128874528,Temple - Haudriettes,48.861636880211584,2.356696020645806,19,3009,6,0,12,1695668188
1062827573,Bézout - Général Leclerc,48.82884804502439,2.3285973072052,30,14132,12,3,14,1695668200
54000542,Blancs-Manteaux - Archives,48.85941800703,2.3559471219778,29,4014,10,2,17,1695668171
1074187051,Hôtel de Ville d'Asnières sur Seine,48.90999330025577,2.288238108158112,30,26005,20,6,2,1695668195
100759356,Montmartre - Etienne Marcel,48.86502194581,2.3450684401448,16,2005,0,1,12,1695668043
331153695,Square Emile - Chautemps,48.867433724231,2.3536357283592,25,3012,2,3,16,1695668181
1074142878,Hôtel de Ville de Chaville,48.80887149094033,2.188134044408798,20,23702,2,5,13,1695668092
1064000778,Gare d'Austerlitz - Pont Charles de Gaulle,48.842319830109304,2.3670300096273422,55,13125,3,0,49,1695668218
213680246,Didot - Mariniers,48.82650543613106,2.313136198271666,35,14022,2,5,25,1695668240
54000465,Etienne Marcel - Montorgueil,48.86450567259199,2.3461959511041637,28,2002,1,1,24,1695667821
1074060095,Lally-Tollendal - Armand Carrel,48.88270066221072,2.374717555940151,28,19012,7,4,17,1695668191
80419347,Lagny - Auguste Blanqui,48.84922568052601,2.4218603968620305,27,31001,2,1,24,1695668006
1063000561,Gardenat-Lapostol - Velettes,48.87387,2.224185,20,21507,0,3,17,1695667751
11874261013,Place du 17 Octobre,48.91962690034779,2.2978286134199792,20,22306,7,5,7,1695667789
213680553,Adolphe Pinard - Victor Hugo,48.8236825874564,2.3077843710780144,52,14023,0,9,42,1695667980
1063012692,Kléber - National,48.906333898712234,2.2393910586833954,20,22502,5,1,12,1695668142
54000538,Mairie du 3ème,48.86446178139141,2.361762821674347,32,3006,8,3,18,1695667836
82499609,Convention - Lourmel,48.84205504165568,2.2859910875558853,36,15062,24,5,5,1695668156
380891087,Place de la Bastille - Bourdon,48.852364355271,2.3681089282036,35,4007,22,0,12,1695668206
96608796,Fille du Calvaire - Turenne,48.86210505412563,2.3649600148200993,29,3003,11,2,13,1695668193
653152142,Château - République,48.905928,2.253629,20,22504,12,3,3,1695668221
653094517,Cesaria Evora - Rosa Parks,48.89717672825043,2.3745173960924144,40,19111,2,1,36,1695668153
129029327,Victoire - Laffitte,48.87514373494672,2.338118505144376,20,9111,1,0,19,1695668110
1064008882,Poulet - Barbès,48.887148,2.349064,0,18136,0,0,0,1553093196
1063429705,Eugène Varlin - Place de la Paix,48.792862,2.363093,23,48005,0,4,19,1695668191
1062833975,Froidevaux - Boulard,48.835147319625,2.3294411972165,35,14133,2,0,33,1695668187
58391194,Tiron - Rivoli,48.855692253233,2.3579058051109,28,4012,12,1,15,1695668114
2515756572,Verdier - Jean Jaurès,48.81614048711214,2.3123561963438988,33,21215,1,1,31,1695668251
1063410400,Alouettes - Maréchal de Lattre de Tassigny,48.85511009293948,2.4930700287222862,22,41208,1,2,18,1695667740
80298493,Mairie du Kremlin-Bicêtre,48.81191981537702,2.3570189997553825,25,42704,1,3,20,1695667907
98132679,Jean Bleuzen - Square du 11 Novembre,48.8232579,2.2965213,49,21706,1,1,45,1695667752
48800374,Place de l'Hôtel de Ville,48.8573314,2.351458,14,4017,3,1,8,1695668002
1063984816,Gare du Nord - La Chapelle,48.884178287286,2.3561057075858,18,10041,1,4,11,1695668140
1074204954,Quai Jules Guesde - Saint-Simon,48.80391487218989,2.408966162027371,30,44001,15,3,9,1695668105
442739463,Place de la République - Temple,48.867211201859,2.3635464370545,18,3004,8,0,7,1695668221
478250062,Rivoli - Musée du Louvre,48.86364636851945,2.33409583568573,24,1014,1,0,22,1695667783
128878135,Village Saint-Paul,48.852639866624806,2.3607301712036137,28,4009,2,2,22,1695667973
100767550,Mairie du 4ème,48.855949910497,2.3563823103905,44,4015,16,5,23,1695668224
1063044618,Bas - Gabriel Péri,48.91585580539625,2.2948095202445984,30,26006,16,0,11,1695668146
11908510683,Séminaire de Conflans - Liberté,48.823194,2.404179,26,42211,3,4,18,1695668221
1063421211,Barbès - Monique Maunoury,48.81552718820216,2.3687169334905405,40,42026,3,5,31,1695668128
569583918,Choiseul - Quatre Septembre ,48.8699355331869,2.3359975218772893,44,2012,0,0,42,1695668158
129083553,Porte de Saint Cloud - Parc des Princes,48.83866275706582,2.2525164484977727,32,16044,22,3,5,1695668193
1074333296,Hippodrome Paris-Vincennes,48.82048387758518,2.446271181106568,42,12163,1,3,38,1695668244
54000537,Saint-Gilles - Turenne,48.858158956779,2.3647149920992,18,3002,8,2,3,1695667999
1396728955,Bastille - Beaumarchais,48.853833463852,2.3685702681541,23,4101,11,6,3,1695668180
11908496227,Gardenat Lapostol - Franklin Roosevelt,48.871839,2.222505,24,21509,3,1,20,1695667901
49423507,Pau Casals - Neuve Tolbiac,48.8311602,2.3774395,53,13054,0,5,47,1695668234
128834707,Jean-Jacques Rousseau - Deux Ecus,48.86297805972131,2.3414635285735126,22,1012,5,1,16,1695668139
78374110,Square Pierre Lazareff,48.867141720745806,2.348393350839615,17,2004,6,2,9,1695668187
653097126,Place Paul Delouvrier,48.89197621431365,2.3851288855075836,26,19130,8,3,15,1695668158
391845823,Candale - Mehul,48.8893935006175,2.414379715919495,25,35012,1,8,15,1695668107
653140345,Édouard Vaillant - Place Jean Jaurès,48.86265537999924,2.2089037319128613,24,21505,1,10,13,1695668083
15290700,Aboukir - Alexandrie,48.86868344444473,2.3502043269474897,21,2016,4,1,14,1695668065
6352,Saint-Bon - Rivoli,48.857999643315,2.3502172809763,19,4018,1,1,14,1695668239
2515885093,Waldeck Rochet - Germaine Tillon,48.91105960199651,2.3676301538944244,31,33020,0,4,24,1695667950
653072212,Place du 8 mai 1945.,48.938882272105,2.3566243797541,30,32019,11,2,16,1695668180
54001189,Chaussée d'Antin - Haussmann,48.87243,2.33359,24,9039,0,0,23,1695668076
653153519,Gare des Vallées,48.913179,2.257726,20,22506,7,8,3,1695668176
39887632,Choisy - Malmaisons,48.821919702956144,2.3633468834070914,25,13038,3,1,21,1695667917
276989966,Oratoire - Rivoli,48.861342760889,2.3400047421455,18,1025,0,1,12,1695668033
1062844489,Château - Place de Catalogne,48.836805542262,2.3185293003917,33,14134,0,1,29,1695667820
6293,Mairie du 2ème,48.8672190355135,2.3404625437747044,28,2008,2,0,26,1695667914
120564786,Filles Saint-Thomas - Place de la Bourse,48.868899890853,2.3397543845203,58,2009,1,0,57,1688833824
128843085,Place du Lieutenant Henri Karcher,48.863490871724466,2.3400671035051346,30,1026,5,1,24,1695668227
1063027377,Grande Rue - Europe,48.8218104687602,2.205879874527455,25,23101,6,5,14,1695668228
17174675707,Saint Pères - Saint Germain,48.853729675265,2.3300181032703,22,6201,1,0,19,1695668114
15433394,Custine - Ramey,48.888735896947,2.3469526693225,41,18015,9,16,16,1695668226
210386007,Alger - Rivoli,48.864773553495,2.3294493936128,21,1018,1,0,18,1695667740
653085678,Berthier - Porte de Clichy,48.894222687781,2.3125872006816,24,17106,0,0,22,1695667930
6245,Ventadour - Opéra,48.866810653323,2.3343884482519,27,1116,1,1,25,1695668208
1074339090,Stade Pershing,48.829107826857,2.4583535268903,26,12164,3,0,23,1695668077
581480367,Fabre d'Eglantine - Place de la Nation,48.8471116,2.3956204,68,12157,6,2,59,1695668244
1063053136,Square Victor Basch,48.914304862261,2.2289156913757,20,27001,0,0,20,1688146417
27414358,Saint-Honoré - 29 juillet,48.86557114282421,2.330567417577153,20,1017,0,1,17,1695667897
101751231,Saint-Amand - Labrouste,48.834097274832295,2.3087677359581,36,15040,17,8,8,1695668249
18013073681,Gare de Sèvres - Ville d'Avray,48.826262366227,2.2001516849313,0,23107,0,0,0,1690447770
18013135935,Rue des Jardiniers - Charenton,48.833824792117,2.3947995949608,0,12203,0,0,0,1689358079
18013122841,Port - Confluence,48.936093926526,2.3436167797955,0,32024,0,0,0,1611730308
54000596,Jouffroy d'Abbans - Villiers,48.88421554703737,2.3056533560156827,34,17021,0,3,29,1695668185
39169877,Saint-Placide - Cherche Midi,48.8490535919234,2.325317971408367,66,6026,0,0,64,1695668116
653155159,Marx Dormoy - Château Sainte-Barbe,48.791782341055324,2.297856844961643,22,22601,1,5,16,1695668199
653099465,Amédée Huon - Fort d'Ivry,48.805131376899986,2.388489693403244,31,42018,4,7,20,1695668057
323468705,Saint-Honoré - Musée du Louvre,48.863443132848,2.3348781846405,22,1023,1,2,19,1695668232
1810975577,Guy Môquet - Parvis Georges Marchais,48.79518840095975,2.35943466424942,30,48008,0,2,27,1695668000
35380305,Le Goff - Gay-Lussac,48.8461024009786,2.3412207886576653,35,5003,0,0,31,1695668232
17364714962,Marseillaise - Grenade,48.889371092747,2.3979396821544,45,19202,1,5,39,1695668066
17364417797,Decrès - Alésia,48.832200060759,2.3139070151575,30,14201,7,1,22,1695668251
653040243,Archives - Pastourelle,48.8623615,2.3595041,28,3007,1,4,20,1695668080
1063061372,Résistance - Parmentier,48.85965138131299,2.436705082654953,35,31020,2,1,32,1695668021
2705356759,Jean Jaurès - Paul Lafargue,48.884933177666,2.2484488785267,28,28005,1,0,27,1695668160
214019379,Quai de l'Aisne - Général Leclerc,48.895713,2.400571,27,35005,3,8,11,1695668097
82574979,Arthur Ranc - Hôpital Bichat,48.8978712500682,2.333521842956543,26,18112,2,0,22,1695668055
1599896463,Magenta - Chabrol,48.876495350882,2.3560990020633,24,10201,4,0,18,1695668000
2705290225,Suresnes - Muette à Neuilly,48.868570404348,2.266000919044,30,16139,0,1,26,1695667724
1987547083,Parc Départemental des Hautes-Bruyères,48.793457901398945,2.3509012162685394,30,48007,1,3,26,1695667886
100790494,Bréa - Raspail,48.842738478258,2.3297942217634,24,6007,1,0,23,1695668152
2705338817,Victor Hugo - Gare,48.92313395265796,2.2600970417261124,22,27006,18,3,1,1695668161
1074410417,Verdun - Carnot,48.808439376064946,2.373795211315155,28,42028,5,11,11,1695668220
1074352578,Parc Floral du Bel Air,48.839285711865735,2.438560165464878,25,12166,1,0,23,1695668101
653156540,Place de la Division Leclerc,48.793824988636516,2.2731140430551027,35,22603,0,1,33,1695668177
54000573,Cardinal Lavigerie,48.832934193699835,2.402636749399156,46,12113,12,2,31,1695668161
653031913,Réaumur - Montmartre,48.868230999759,2.3438260338876,19,2109,0,0,19,1695668155
1981490798,Belfort - Victor Hugo,48.9018492,2.3172724,24,21119,1,5,18,1695667931
129080400,Belles Feuilles - Place de Mexico,48.865804746474,2.2829206287861,23,16010,1,0,22,1695668169
53999465,Place du Palais Royal,48.862382970647,2.3384822532535,67,1013,1,0,63,1695668228
1074428106,André Theuriet - Blagis,48.77977325745441,2.3130525648593903,30,23042,12,4,14,1695667936
66491366,Saint-Marc - Feydeau,48.870310661422,2.3419791832566,37,2102,0,2,35,1695668210
653102462,Lampes,48.81152481985875,2.4017931148409843,43,42019,24,4,14,1695668111
210328645,Place André Malraux,48.863925158727,2.3356226831675,19,1015,0,0,17,1695668231
27414527,Danielle Casanova - Opéra,48.867643242297,2.3333894088864,20,2020,1,2,14,1695668096
653092274,Porte de Pantin.,48.889199725577,2.3950181901455,33,19046,1,3,28,1695667947
1057210479,Jules Guesdes - Carnot,48.93828169931872,2.3508992046117783,16,32020,2,6,7,1695668027
18013132487,Charenton - Wattignies,48.836919119234,2.3916775206425,0,12202,0,0,0,1689346431
16816575934,Henri Barbusse - Marcel Cachin,48.93742089281,2.3720374971659,37,32022,10,7,20,1695668224
2515855808,Madeleine Vionnet,48.902519074064,2.3740895837545,34,33019,5,6,32,1695668248
311153993,Les Halles - Saint-Eustache,48.86362695901683,2.342623919248581,32,1008,16,1,15,1695668214
18023659071,Place Farhat Hached,48.825806194537,2.3819742271533,0,13202,0,0,0,1681904358
99886640,Place des Victoires,48.8660354,2.3420333,24,2006,1,1,20,1695668220
6297,Victor Massé - Jean-Baptiste Pigalle,48.8811043724,2.3366955667734,18,9019,4,4,10,1695668189
437741660,Saint-Denis - Rivoli,48.859059340842,2.3476943001151,43,1003,6,3,35,1695668253
208603342,Coquillière - Louvre,48.86379590966231,2.3425736278295517,21,1024,5,0,16,1695668221
632086890,Place de l'Eglise - Vitry-sur-Seine,48.791922819921815,2.395057752728462,28,44004,12,6,9,1695668247
18013112116,Porte Dauphine,48.871139344351,2.2749781616017,0,16201,0,0,0,1690561749
653104215,Sorbier - Gasnier-Guy,48.86521763101122,2.39365965127945,34,20010,3,14,16,1695668252
54000557,Simon Bolivar - Henri Turot,48.876887,2.374454,22,19118,0,0,22,1695523498
49424560,Saint-Mande - Picpus,48.845127728278,2.4015686296482,35,12016,9,3,22,1695668219
653165196,Les Blagis,48.785205,2.302526,27,23301,8,3,15,1695668238
11146696292,Victor Hugo - Paul Eluard,48.819602554907,2.4114319673051,32,42210,17,2,12,1695668147
476155906,Saint-Antoine Sévigné,48.8550222,2.3612322,26,4010,8,5,13,1695667949
11146714746,Blanqui - Docteur Bauer,48.907735489085,2.3407192814591,28,34013,11,5,9,1695668232
1074390359,Youri Gagarine - Commune de Paris,48.782427463041,2.3939734697342,33,44008,7,6,18,1695668218
2002864789,Strasbourg - Saint-Denis,48.869601642433,2.3542908579111,16,10166,5,5,4,1695668179
653159330,Quai de Sèvres - Manufacture Nationale,48.828688,2.22499,28,23104,13,0,15,1695668121
653110858,Silly - Louis Blériot,48.83219045374266,2.2340199351310734,23,21011,11,2,10,1695668225
653107480,Paganini - Davout,48.85135,2.412021,22,20140,3,4,13,1695668124
1988517250,Stalingrad - Henri Luisette,48.78363092456589,2.366935946761926,26,48012,0,3,22,1695668232
653166892,Gare de Robinson,48.7799259211605,2.281828634440899,30,23303,6,1,22,1695667814
653106960,Gare RER - Maurice Grandcoing,48.813881,2.392429,37,42022,25,8,4,1695668149
82468690,Dutot - Place Alleray,48.836826091766,2.3071701095578,56,15018,13,7,36,1695668205
16899499876,Jardin Modèle - Pierre Boudou,48.914866710946,2.3057010525935,18,26012,13,2,1,1695668127
39565873,Jouffroy d'Abbans - Malesherbes,48.8850134,2.3070717,27,17020,1,0,25,1695668209
74864208,Bagnolet - Place Saint-Blaise,48.85973,2.40334,28,20048,0,2,25,1695668065
1074398925,République - Louis Loucheur,48.823549261189,2.5101865455508,37,45004,5,7,25,1695667901
12225158518,Henri Barbusse - Gabriel Péri,48.801773795836,2.2874166362216,27,23202,0,7,19,1695668228
567884788,Vincent Auriol - Louise Weiss,48.834001935501,2.3703888058662,22,13049,1,1,19,1695667827
99950133,André Mazet - Saint-André des Arts,48.85375581057431,2.3390958085656166,55,6015,2,0,52,1695668247
549480297,Halle Freyssinet - Parvis Alan Turing,48.832846814471,2.3711421713233,23,13051,0,0,23,1695667949
17721073284,Mairie,48.87914304162,2.4163350908311,20,32605,0,0,20,1695668204
16899518505,Mariotte - Batignolles,48.884571659595,2.321469503475,20,17202,3,4,10,1695668065
12225289563,Béranger - Félix Faure,48.80404828621485,2.2848263373723436,28,23206,2,8,18,1695668239
54000536,Saint-Fiacre - Poissonière,48.870828911558,2.3459213599563,35,2022,0,2,31,1695667979
17729456391,Londres - Europe,48.878618556803,2.3248164693922,27,8202,0,0,27,1695668088
12196660096,Bichat - Grange aux Belles,48.873688,2.365015,30,10202,11,4,15,1695668142
16898865154,Stéphanie Bouvard - Gambetta,48.814548138856,2.4024386957288,30,42030,23,3,3,1695668125
16832319407,Station Humanisée Fan Zone Madeleine,48.870772147127,2.3246490857775,200,8701,0,0,200,1695330791
18099679477,Saint-Jacques - Soufflot,48.846280383395,2.3430785379567,0,5201,0,0,0,1692776782
126354477,Clichy - Place Blanche,48.883601088297,2.3332237824798,20,18043,2,7,10,1695668075
653175838,Gare de Chaville Rive Gauche,48.80516030434533,2.188277207314968,18,23703,0,3,15,1695668222
2515701705,Mûriers - Père Lachaise,48.864130509668044,2.39164982067019,20,20142,0,5,15,1695667825
84960402,Gobelins - Port-Royal,48.837135900263,2.3515201359987,40,5027,12,1,23,1695668203
653110492,Danielle Casanova - Ledru-Rollin,48.815783497876815,2.383259721100331,28,42024,20,4,3,1695667935
17869323774,Chastenet de Géry - Marcel Paul,48.800123,2.3567359,25,48001,0,9,16,1695668143
653046369,Carrefour Pleyel,48.92034156960326,2.3438543826341625,36,32012,5,3,33,1695668096
15550433574,Martyrs de Châteaubriant - Jean Grandel,48.951432,2.211214,38,51008,4,21,13,1695667998
486750405,Ney - Porte de Montmartre,48.897918,2.3364872,24,18135,1,2,19,1695667810
11438171152,Place Charles de Gaulle,48.826073335699,2.1894485725692,24,24101,0,7,17,1695668185
10773448319,Clef des Champs - Albert Dhalenne,48.914938,2.330665,28,34011,11,10,7,1695668250
16529895896,Gare - Aristide Briand,48.821410564722,2.2555950104387,29,21329,23,2,3,1695668240
102339791,Place du Maréchal de Lattre de Tassigny,48.821707715257055,2.2853431485432423,27,21704,25,1,0,1695667818
16529911795,Porte de Versailles,48.832324016657,2.2875617349045,28,15203,6,1,17,1695668152
52474,Belleville -  Pré Saint-Gervais,48.875565910073,2.3930460959673,21,19121,0,1,20,1695667778
11218473640,Bons Raisins - Voltaire,48.87282451461399,2.1947155570850896,24,25007,0,0,23,1695667966
125370566,Manin - Secrétan,48.8791665,2.3787959,20,19114,1,3,15,1695667932
66491396,Château de Vincennes,48.84423193255657,2.439209537709179,52,12123,3,1,46,1695668150
78124875,Mathis - Flandre,48.8906429898976,2.3762554675340652,55,19006,22,1,30,1695668195
102328355,Place Denfert-Rochereau,48.843252536286684,2.245987951755524,20,21002,9,2,8,1695667715
74805344,Pierre Charron - Champs-Elysées,48.870103359864,2.3043501377106,32,8040,0,0,30,1695668000
54000578,Bobillot - Tolbiac,48.8255961335041,2.350204177200794,33,13024,18,5,9,1695668062
653180903,Paix - Verdun,48.900504,2.261173,35,24004,10,3,21,1695668234
101015227,Chevaleret - Louise Weiss,48.83258651335057,2.371211388119954,35,13015,3,1,26,1695668235
27363206,Riquet - Marx Dormoy,48.89021003702031,2.3601756244897842,29,18010,0,0,29,1691509350
76352106,Saint-Augustin,48.8762009747008,2.319786250591278,31,8018,1,2,27,1695667945
49791363,Balzac - Champs Elysées,48.872699639621,2.3001953959465,30,8052,0,0,30,1695668207
102724418,Général Leclerc - Bièvre,48.782414428747316,2.3166695237159733,25,23041,23,1,0,1695668213
102287315,Félix Faure - Convention,48.841249336041045,2.288386600849503,44,15069,13,5,22,1695668249
42950428,Place du Docteur Yersin,48.82010494991975,2.3725583776831627,50,13116,5,3,41,1695668253
100921894,Léon Frot - Charonne,48.854963800335234,2.387217085372007,19,11111,10,5,3,1695668201
82429586,Duméril - Jeanne d'Arc,48.83815160808658,2.357108449556404,40,13006,12,0,26,1695668226
37995,Dom-Pérignon - Gravelle,48.82548157443457,2.4098803102970128,50,12119,11,5,25,1695667997
653193536,Maxime Gorki - Paul Vaillant-Couturier,48.79673508795443,2.3683342337608337,20,48006,0,3,17,1695668204
54000589,Cambronne - Mademoiselle,48.843277330035214,2.30230766886348,67,15012,61,2,3,1695668159
74692052,Francoeur - Caulaincourt,48.8899944409612,2.342529706656933,34,18016,1,6,27,1695668003
35080917,Euryale Dehaynin - Loire,48.886248917304805,2.3774591088294987,30,19117,9,3,17,1695668176
11218807773,Hôtel de Ville de Saint-Ouen,48.911380185786,2.3340076807601,48,34010,8,1,38,1695667952
101759167,Lecourbe - Convention,48.83923319241899,2.2915197908878326,46,15053,41,3,0,1695668244
27363058,Suffren - La Motte-Piquet,48.85088123091874,2.301219999790192,23,15024,3,1,18,1695668109
653114003,Dôme - République,48.832681,2.250257,25,21022,2,4,17,1695668234
66491390,Taitbout - Châteaudun,48.876383969379,2.335356677933531,39,9025,2,1,33,1695668240
89553051,Pyrénées - Cours de Vincennes,48.847796779935,2.4061721563339,21,20003,2,0,18,1695668176
54000591,Franquet - Labrouste,48.83287705011431,2.306762784719467,37,15041,19,9,7,1695668145
37420,Hauteville - Bonne Nouvelle,48.87077436024,2.3496496368327,17,10003,0,3,14,1695668157
7402,Roquette - Auguste Laurent,48.858001906023354,2.381797702650783,16,11022,11,1,1,1695668129
75352635,Place de la vache noire,48.81040517059777,2.327060401439667,25,41103,2,8,15,1695668153
34836174,Place Charles Digeon,48.84354203133597,2.418427169322968,32,41602,0,2,28,1695668108
6354,Gouthière - Poterne des Peupliers,48.820507,2.351342,33,13028,8,1,23,1695668159
35263507,Port Royal - Hôpital Cochin,48.838608030238,2.3406994164846,23,14004,3,1,16,1695668224
27415194,Gergovie - Alésia,48.83088717455243,2.318882101207347,36,14027,7,3,26,1695668189
653114443,Place Eustache Deschamps,48.793855,2.336637,20,42303,15,2,1,1695668226
74635382,Place de la Nation - Taillebourg,48.8488408,2.3973043,45,11014,2,0,22,1695668177
653190196,LCL Campus - Place Oscar Niemeyer,48.805342480621576,2.363983690738678,37,48002,3,5,29,1695668098
27363156,Général De Gaulle - Vivien,48.83607420090204,2.4189166724681854,22,41605,10,7,2,1695668226
16206842336,Moscou - Edouard Vaillant,48.90755810177,2.4689837335263,30,30003,14,3,13,1695668218
39776330,Buzenval - Vignoles,48.85385817168762,2.400004081428051,17,20012,8,5,1,1695668240
54000594,Edouard Pailleron - Bouret,48.880597694070524,2.3769494891166687,27,19119,0,2,25,1695668150
66491373,Pierre Joseph Desault,48.82110230800372,2.378775402903557,19,13120,12,4,1,1695668203
66491409,Guillaume Tell - Parc Henri Barbusse,48.88958925894009,2.4198862910270695,20,35013,2,4,14,1695668176
82583924,Pyrénées - Charles Renouvier,48.86095933229224,2.400421852042113,29,20020,3,2,21,1695668223
124183944,Hector Malot - Daumesnil,48.84693552991762,2.3770876228809357,54,12008,0,3,51,1695668245
27363389,Bercy - Traversiére,48.846192642574,2.3703800886869,30,12102,0,2,28,1695667824
653184632,Edith Cavell - Volta,48.901616564286975,2.269354350864887,33,24005,6,5,22,1695668193
102751453,Hôtel de Ville de Vincennes,48.84827609706963,2.4398955702781677,27,43007,0,4,23,1695667852
54000624,Gambetta - Tourelles,48.875337902264,2.4059921130538,20,20110,0,0,0,1680688272
58086242,Square des Amandiers,48.86615630668046,2.3891324177384377,12,20032,4,2,5,1695667795
16206691682,Hispano Suiza - Parc des Bruyères,48.915885074177,2.2682306702811,30,22701,7,4,17,1695667975
27399547,Dominique Pado - Croix Nivert,48.83648798164934,2.2897250577807426,22,15050,17,1,2,1695668148
54000610,Jean de la Fontaine - Boulainvilliers,48.85264791461651,2.2758664190769196,68,16025,11,1,53,1695668207
101022698,Olympiades,48.826764665199,2.3650860786438,36,13036,2,5,28,1695668141
82440673,Maine - Jean Zay,48.837925263898,2.3225428909063,50,14035,0,3,46,1695667789
13356269,Assas - Rennes,48.8492084999386,2.32851454623001,32,6025,0,1,31,1695668222
54000583,Tombe Issoire - René Coty,48.83051287670899,2.3343613743782043,36,14009,5,3,27,1695668228
74858883,Pereire - Saussure,48.888229075478,2.3101296275854,32,17117,4,5,23,1695668198
63279,Siam - La Pompe,48.861720329027264,2.275346568555312,16,16017,2,1,13,1695668090
125918662,Marcadet - Ramey,48.890875,2.3449019,21,18021,5,12,3,1695668124
15163771,George Sand - Jean de La Fontaine,48.84986918764119,2.268257387525699,29,16116,15,0,10,1695668217
82571023,Alexandre Dumas - Place de la Réunion,48.85533710742046,2.3997703687646292,45,20013,2,3,40,1695668190
100893610,Bourdonnais - Tour Eiffel,48.860897797941,2.295599598447,60,7023,41,4,10,1695668242
27363205,Porte de la Plaine,48.82805169605981,2.2924277186393742,35,15045,1,1,31,1695667835
653197206,Marcel Pourtout - Édouard Manet ,48.87555620763429,2.1655967831611638,24,25004,10,10,4,1695661960
27415256,Sahel - Général Michel Bizot,48.840872964793355,2.4044444784522057,33,12022,23,7,2,1695668152
101488317,René Coty - Place Denfert-Rochereau,48.833056477316,2.3329411447048,36,14005,4,1,29,1695668140
6497,Duhamel - André Gide,48.8365662244334,2.312707121097412,20,15027,1,3,16,1695668101
653118283,Ancienne Mairie - André Morizet,48.838311,2.234077,25,21023,8,1,16,1695668094
124167835,Lavoisier - Missak Manouchian,48.86286468896063,2.495676465332508,18,31105,2,3,13,1695668206
27415371,Charonne - Alexandre Dumas,48.85607741505607,2.394869327545166,35,20014,5,7,20,1695668065
82335295,Saint-Séverin - Saint-Michel,48.852731305488,2.3440927639604,30,5033,1,2,26,1695668217
66491384,Place Aristide Briand,48.82189236575831,2.413003742694855,35,42205,7,0,27,1695668214
16931052467,Jean Jaurès - Place de la Libération,48.90617751921,2.4391458057475,30,30004,8,5,15,1695668222
102748267,Montreuil - République,48.85026349463687,2.4345204234123234,25,43004,4,3,18,1695668106
28233012,Marceau - Président Wilson,48.8652359,2.3002513,32,8046,0,1,30,1695668184
128884445,Constantine - Université,48.860680473738334,2.314848195584221,65,7010,0,2,63,1695668153
49829553,Legendre - Nollet,48.887742186754224,2.320293079881375,30,17110,6,2,21,1695668159
102752610,Mairie de Bagnolet,48.868421318555,2.4179587885737,28,31701,3,5,20,1695668121
37848502,Pierre Brossolette - 12 Février 1934,48.8176962416867,2.3076123744249344,25,22404,4,6,15,1695668202
54000552,Rome - Provence,48.874230055580306,2.325570111724113,30,8007,1,1,26,1695668185
16930981813,Gabriel Péri - Place de la Libération,48.819828421929,2.3117361743705,18,21218,0,1,16,1695667965
66491382,Guy Môquet - Compoint,48.89213559044868,2.32321947813034,36,17006,14,3,19,1695667935
653073004,Tremblay - Lac des Minimes,48.834131261494,2.4547516554594,48,12127,15,4,36,1695668252
39882420,Championnet.,48.8953643,2.3498166,22,18101,17,1,4,1695668233
54000547,Quatre Vents - Carrefour de l'Odéon,48.851751374458864,2.338161695134053,37,6028,3,2,30,1695668252
27415360,Reynaldo Hahn - Lagny,48.849266043601794,2.412330328844772,19,20005,3,2,14,1695667925
82588494,Verdier - République,48.815403766277,2.31739372015,29,21207,4,2,23,1695668061
125542925,Louis Blanc - Aqueduc,48.88203018259946,2.3635615780949593,37,10031,4,6,26,1695668118
54000568,Philippe-Auguste,48.851853488265,2.3932945355773,48,11016,7,2,39,1695668105
82425449,Bois de Vincennes - Polygone,48.83544491617421,2.431421081436563,51,12122,0,1,48,1695668218
7234,Colonel Pierre Avia,48.8296843300915,2.275342586850291,29,15120,13,2,13,1695668123
82551956,Marché d'Auteuil,48.84842761367387,2.265253821160005,32,16033,6,2,23,1695668198
85160045,Arthur Auger - Jean Jaurès,48.813736445585235,2.3069277405738835,26,21205,0,1,25,1695667840
35816213,Passy - Place du Costa Rica,48.8584893,2.2839655,33,16023,2,2,29,1695668074
82408364,Guillaume Bertrand - République,48.863825174341,2.380906377155,38,11028,20,6,10,1695668229
653190279,Jean-Baptiste Charcot - Sainte-Geneviève,48.90310883721567,2.278892956674099,21,24007,8,6,7,1695667784
99840124,Regard - Rennes,48.847385404956,2.3268555477262,46,6004,0,1,43,1695668113
39311270,Pasteur - Cotentin,48.8389284,2.316356,33,15114,0,2,30,1695668182
82413301,Ménilmontant - Oberkampf,48.866617658681,2.3830134404158,40,11029,16,11,12,1695668198
80077998,Lorraine - Jean Jaurès,48.8863865,2.3825772,19,19014,7,5,5,1695668208
13248144,Volontaires - Vaugirard,48.84132050184004,2.30808901725357,34,15014,8,3,23,1695668237
66491372,M.- A. Lagroua Weill-Hallé -  F. Dolto,48.828595283857425,2.380220606266108,60,13055,0,0,59,1695668146
54000631,Victor Hugo - Bineau,48.88758225888669,2.2783890366554265,25,22014,3,5,17,1695668077
54000623,Mairie du 20ème,48.865302324275,2.3990669846535,27,20106,0,0,25,1695667841
653121023,Fief - République,48.83170888166024,2.255771979689598,25,21027,1,0,24,1695668152
76507850,Dantzig - Lefebvre,48.83013921586756,2.295934036374092,33,15044,1,0,32,1695668188
101010226,Porte de Charenton,48.83124010585643,2.3989107459783554,67,12040,5,4,58,1695668070
121086415,Colisée - Champs-Elysées,48.870475399387,2.3076190799475,24,8039,0,1,15,1695668181
653194214,Hôtel de Ville de Rueil-Malmaison,48.878194,2.181724,20,25002,6,4,9,1695668230
11375742,Arsonval - Falguière,48.84040040365445,2.313117867297474,25,15113,2,2,21,1695667980
42588096,Bobillot - Moulin des Prés,48.828657346203,2.353020646317,28,13023,3,0,25,1695668141
27415333,Crimée - Ourcq,48.894104140316266,2.372946088467279,56,19001,9,5,40,1695668189
27415083,Place d'Italie - Soeur Rosalie,48.831908520394,2.3546943448098,52,13008,0,3,49,1695668101
27363397,Jean Bologne - Passy,48.857566889784465,2.280027395306772,19,16022,2,2,15,1695668028
39878420,Pyrénées - Dagorno,48.855425770695085,2.4051643162965775,20,20011,7,3,10,1695667930
66491369,Montparnasse -  Square Ozanam,48.843310567822,2.3265242949128,49,6005,0,2,45,1695668204
82588656,Rond-Point Rhin et Danube,48.840452820991764,2.2280225157737736,53,21007,4,1,48,1695668106
35471668,Flandre - Ourcq,48.89260159189023,2.3790915682911873,30,19007,5,2,22,1695668149
27415500,Point du Jour - Jean Jaurès,48.828753141436465,2.245911467014621,26,21016,23,1,2,1695668243
11580442,Geoffroy-Saint-Hilaire - Saint-Marcel,48.83907826424974,2.356877340669728,17,5105,12,2,1,1695668226
27414932,Saint-Maur - République,48.86418586145509,2.378317415714264,38,11018,32,3,1,1695668240
66507230,Saint-Marcel - Hôpital,48.83950442458303,2.360989417022932,21,13013,0,1,17,1695668131
125881065,Metz - Marne,48.891163,2.3865705,33,19123,9,8,14,1695668047
54000627,Bertrand Sincholle - Henri Barbusse,48.89925982394349,2.3042294383049016,23,21107,10,6,7,1695668040
99798962,Place Saint-André des Arts,48.852886173881,2.3426544293761,37,6020,2,1,33,1695667992
54000629,Commandant Charcot - Bretteville,48.87530570765423,2.2558460757136345,36,22007,15,1,19,1695668149
27415004,Général Michel Bizot - Claude Decaen,48.83481262982544,2.400927788127704,38,12039,27,3,7,1695668181
27415128,Ivry - Baudricourt,48.824695995415006,2.363106073577468,20,13037,5,2,13,1695667915
84961467,Lacépède - Linné,48.8437035476636,2.354651279747486,54,5031,2,2,47,1695668229
27414937,Saint-Mandé - Docteur Arnold Netter,48.84462585769668,2.404946386814118,39,12017,16,2,18,1695668182
14623073464,Marcel Monge - Marcel Dassault,48.86096384533371,2.2246733296048142,46,21511,3,1,41,1695667954
27363504,Jacquier - Didot,48.82953336292279,2.318179272115231,30,14025,0,1,29,1695668034
100227241,Guynemer - Jardin du Luxembourg,48.8466127,2.3325478,36,6009,0,0,35,1695667971
2254322638,Verdun - Pierre et Marie Curie,48.812822398263286,2.3707106709480286,26,42027,10,0,15,1695668070
15377776,Paul Valery - Victor Hugo,48.87137406080164,2.2887128591537476,35,16104,0,0,35,1695668135
70736110,Etienne Dolet - Place Maurice Chevalier,48.86798303359366,2.3851405311143026,33,20033,8,8,17,1695668249
16210188070,Convention - Campus de Bobigny,48.914920058264,2.4172238067445,32,30005,4,7,21,1695668217
16210512714,Pablo Picasso - Maurice Thorez,48.906887812943,2.4489325365198,28,30007,1,1,25,1695667684
516395829,Quai des Célestins - Henri IV,48.8512971,2.3624535,14,4005,7,2,3,1695668225
15298647,Temple - Jean-Pierre Timbaud,48.86446597201,2.3660597205162,36,11040,8,0,27,1695668024
129095489,Batignolles - Abel Truchet,48.883103904582,2.3238347490884,28,17050,5,5,18,1695668213
121160813,Place Tristan Bernard,48.8791964,2.2915403,28,17036,0,0,28,1695668206
66491388,Alfred de Vigny - Place du Général Brocard,48.87836138361425,2.305254448220567,33,8044,0,1,30,1695668063
16043228469,Perrault - Place du Louvre,48.860273568996,2.3412468419093,28,1201,0,2,26,1695668065
15189890802,Fontaine du Tertre - Calvaire,48.8702539,2.2187778,24,21510,1,0,23,1695668147
16043316164,Résistance - Romain Rolland,48.950873482371,2.2310190077797,28,51007,4,7,17,1695668224
11063317380,Sèvres - Maréchal Juin,48.8324305,2.2292812,18,21033,7,4,7,1695668203
101761298,Place du Moulin de Javel,48.84021670922,2.2716060653329,45,15058,2,1,42,1695667905
384370499,Place Charles Vallin,48.835523812041,2.3025986552238,26,15122,16,8,3,1695668243
54000628,Claude Debussy - Marc Bloch,48.910388180512,2.3117771744728,56,21112,5,4,47,1695668119
15187848239,Place Jean Mermoz,48.9220937,2.2718348,30,22703,11,12,6,1695667900
311552027,Temple - Charlot,48.865709343796,2.3652737250724,45,11038,5,1,39,1695668033
16043282800,Port - Maurice Chevalier,48.832024486306,2.490271087056,30,41304,0,2,28,1666601867
16043242148,Charles de Gaulle - Rue de l'Alma,48.896620592993,2.252313240191,28,24010,0,0,26,1695668126
452347778,Daumesnil - Picpus,48.8374688,2.401765,21,12010,17,0,5,1695668237
13568870765,Place des Arts - Jean Mermoz,48.880391139734,2.1832160452221,20,25009,3,3,14,1695668143
37647,Gare du Nord - Dunkerque,48.880423508429,2.3527636751533,29,10028,0,1,27,1695667907
218903767,René Boulanger - Lancry,48.8685433,2.3600032,62,10001,6,2,54,1695653270
54000621,Ménilmontant - Père Lachaise,48.863287291502,2.3869940266013,56,20030,19,14,23,1695668246
54000555,Jean Mermoz - Champs-Elysées,48.869689856852,2.3107324540615,33,8031,2,0,25,1695668251
214097180,Paul Doumer - Stalingrad,48.806518992199,2.3368880152702,24,41101,10,8,5,1695668204
54000556,Gare du Nord - Faubourg Saint-Denis,48.879612765503616,2.3568402975797653,28,10151,4,3,21,1695668006
2515618216,Hippodrome de Longchamp,48.86413226532,2.239905372262,30,16140,0,2,28,1695668074
100863462,Musée d'Orsay,48.85972615790874,2.325860448181629,65,7007,2,0,60,1695668240
16965900639,Payenne - Square George Caïn,48.8578329,2.3622643,24,3201,5,2,14,1695668227
85123644,Pyrénées - Ménilmontant,48.8693268535238,2.395084574818611,26,20035,0,1,25,1695668159
1057387136,8 Mai 1945 - 10 Juillet 1940,48.784567029674,2.3979035764933,30,44010,20,2,8,1695668133
11908488283,Georges Pompidou - Verdun,48.875481,2.232443,26,21508,7,4,15,1695667928
523900881,Cité de la Musique,48.888796556487,2.3925811931922,60,19018,1,2,55,1695668239
253357936,Félix Faure - Lourmel,48.83868901709515,2.2818081825971603,58,15032,24,2,30,1695668235
42517412,Gambetta - Saint Fargeau,48.871244610447015,2.4039056897163396,24,20037,0,4,19,1695668212
54000551,Galilée - Vernet,48.871715878697,2.2985444962978,17,8003,0,0,16,1695667861
213699079,Macdonald - Césaria Evora,48.89883,2.37933,67,19045,2,2,62,1695667862
17018170219,Pavé des Gardes - Charles Vaillant,48.81168551728,2.2111820107205,20,23106,0,0,20,1695668057
15066765479,Gare RER - Général de Gaulle,48.933548439566,2.3064726536317,41,22302,25,10,6,1695668242
213676294,Chevaleret - Tolbiac,48.82941,2.375934,21,13053,8,2,11,1695668246
95073815,Saint-Lazare - Place d'Estienne d'Orves,48.8768345,2.3329067,39,9029,1,1,35,1695668177
17451132826,Epi d'Or - Chevilly,48.781109786782,2.3549050362061,20,48011,2,1,16,1695668179
10647548670,Nungesser - Santé,48.852335,2.448967,22,41212,2,1,19,1695667815
10647608657,Dora Maar - Nadia Guendouz,48.905452421305,2.3220406472683,30,34009,1,1,27,1695668201
17451195211,Jean Bouin - Gouverneur Général Eboué,48.824792734266,2.2651904328524,31,21327,20,2,8,1695667997
17047102542,Ménil - Argenteuil,48.925901818305,2.2741496502338,20,26011,10,6,2,1695668136
17225742003,Louis Armand - Bernard Palissy,48.916925546419,2.3124207955211,0,26010,0,0,0,1674656258
17450286381,Stalingrad - Barbara,48.809223658808,2.3175904558822,20,22208,1,1,18,1695667953
117480156,Enfants du Paradis - Peupliers,48.833122686454,2.2571459412575,40,21021,5,4,31,1695668245
102317064,Lamarck - Saint-Ouen,48.891334555236,2.3272445342326,40,18203,8,5,26,1695668210
17225721242,Verdun - Henri Barbusse,48.802056061754,2.3159965061736,24,22209,1,0,23,1695668190
39149651,Richard Lenoir - Place de la Bastille,48.8538327,2.3697222,53,11001,18,6,27,1695668243
16134135570,Stalingrad - Général de Gaulle,48.823450589614,2.4965062363218,26,45005,15,5,6,1695668169
16134083337,Maréchal Leclerc de Hauteclocque - Marché Buzenval,48.858446,2.192077,30,25010,1,3,26,1695667597
394404659,Gare Saint-Lazare - Cour du Havre,48.875674400851,2.3265598341823,45,8002,2,5,31,1695668251
11266280626,Cartier Bresson - Denis Papin,48.902616,2.397814,32,35021,6,3,21,1695668244
101013666,Bercy - Villot,48.841795009027,2.3767850184816,34,12105,3,2,29,1695668195
49039283,Carpeaux - Place Jacques Froment,48.8906542,2.3309428,19,18018,9,8,2,1695668219
35642049,Jemmapes - Ecluses Saint-Martin,48.87748519186726,2.3660067468881607,15,10025,0,1,14,1695668210
17261310217,Saint-Germain - Verdun,48.882877330093,2.4331868384644,30,32305,1,26,2,1695668180
16379269732,Président Roosevelt - Rouget de Lisle,48.83047518749,2.2616135525345,40,21320,0,0,40,1627456205
11851012506,Jean Jaurès - Place du Dr Roux,48.927567032796,2.2947337017374,35,22305,13,14,8,1695668209
27033125,Pierre Ginier - Clichy,48.8867667,2.326228,16,18045,3,3,8,1695668228
13341879803,Châteaudun - Place de la Liberté,48.90970830301211,2.2454486480600626,26,22507,17,7,2,1695668188
1555868272,Station Brennus,48.923047962065,2.3644428339961,200,33051,1,0,200,1695667743
1074347188,Champs de Manoeuvre - Cartoucherie,48.835261,2.447974,20,12165,7,1,10,1695668022
84986959,Bastille - Biscornet,48.851355779579,2.369220033288,62,12001,0,6,52,1695668216
2515774908,Val-Fleury,48.807671407991,2.2407217696309,23,21954,1,8,14,1695668189
12943772652,Place Henri Dunant - Gare RER,48.788093281931,2.2909234046643,31,22602,0,2,28,1695667684
123546861,Place du Colonel Fabien,48.87756832086,2.3698791861534,27,10038,8,5,12,1695668164
15826185972,Faubourg St-Antoine - Place de la Nation,48.8487726,2.393606,16,11201,2,3,10,1695668151
252301607,Charles de Gaulle - Madrid,48.884432270368,2.2608044743538,22,22005,2,0,20,1695667677
82423726,Gare de Lyon - Roland Barthes,48.84395729494058,2.3790882155299187,68,12106,2,1,63,1695667937
12959947458,Parc des Pierrettes,48.7973062,2.2909969,23,23205,0,4,19,1695667999
12948189248,Guy Môquet - Jean Moulin,48.940931521020836,2.363948999931771,30,32023,2,2,26,1695668105
12806084887,Avenir,48.8103438,2.3003776,45,23201,0,1,43,1695668219
11851103861,Division Leclerc - Kléber,48.798666226364,2.2833752789972,25,23203,0,5,20,1695667956
34742973,Place Balard,48.836395736424,2.2784192115068,22,15056,1,0,19,1695668226
210581084,Gare Saint-Lazare - Place de Budapest,48.877753,2.327339,44,9035,0,2,42,1695667968
11438049493,Hélène et François Missoffe - Emile Borel,48.89990653843488,2.321543991674844,32,17126,5,5,22,1695668200
11437651826,Adrien Lesesne - Docteur Bauer,48.90263867304635,2.348248063431511,30,34005,11,6,11,1695667919
11438116799,Porte de Clichy - Place des Nations Unies,48.896737263309504,2.310542999196392,40,17127,6,2,32,1695668213
11437761399,Henri Barbusse - Bourguignons,48.91301722799713,2.2734212270774417,34,26008,17,14,2,1695668129
11437961617,Marceau Delorme - Pierre Brossolette,48.91206062860357,2.295897423568745,28,26009,17,7,3,1695668208
11004720021,Garibaldi - Gabriel Péri,48.905741911394,2.3316044208059,30,34008,16,5,7,1695668200
11437706131,Bateliers - Quai de Seine,48.915817585516,2.3239533298594,26,34012,20,4,1,1695668126
102335085,Aristide Briand - Place de la Résistance,48.82124248401006,2.2511002421379094,25,21302,17,8,3,1695668138
13373758036,Roland Garros - Jean Bouin,48.809460857173,2.2853198638301,28,23204,1,8,19,1695668247
13373801574,Gare RER,48.896280181078,2.4581568985227,30,31301,12,8,8,1695668238
13373712848,Place de la Paix - Abbé Saint-Pierre,48.86462724459225,2.2047570338469806,24,21514,0,3,21,1695668241
13373848216,Simone Signoret - Paris,48.903600624712865,2.465406596265139,28,31303,7,6,14,1695668226
129026597,Caumartin - Provence,48.874422773426545,2.3284685611724854,22,9104,0,0,22,1695668124
1062807847,BNF - Bibliothèque Nationale de France,48.8350268238,2.3760157451034,42,13123,7,3,29,1695668209
478732841,Sebastopol - Rambuteau,48.86181809267,2.3501381278038,16,4104,8,1,10,1695668247
82402482,Gare de l'Est - Chateau Landon,48.879305,2.362424,59,10026,3,7,47,1695668166
129088667,Jonquière - Docteur Paul Brousse,48.894799816683985,2.318705212173216,40,17010,18,6,15,1695668046
54000604,Ordener - Poissonniers,48.891213890844654,2.351288666219873,35,18023,12,3,19,1695668024
43247738,Ruisseau - Ordener,48.89299462568024,2.340144887566567,35,18026,16,13,0,1695668161
102311820,Clignancourt - Ordener,48.891457726153774,2.348636478060487,35,18024,5,13,17,1695668208
368766689,Westermeyer - Paul Vaillant-Couturier,48.819116181578764,2.3966637253761296,25,42004,25,4,6,1695668147
315022587,Malesherbes - Place de la Madeleine,48.870406028483,2.323243509808,67,8004,2,5,62,1695668230
